0.02, 0.02, 0.02, 0.02, 0.02, 0.12, 0.02, 2.00, 
0.02, 0.02, 0.02, 0.02, 0.02, 0.12, 0.02, 2.00, 
0.02, 0.02, 0.02, 0.02, 0.02, 0.12, 0.02, 2.00, 
0.02, 0.02, 0.02, 0.02, 0.02, 0.12, 0.02, 1.98, 
0.02, 0.02, 0.02, 0.02, 0.02, 0.12, 0.02, 1.97, 
0.02, 0.02, 0.02, 0.02, 0.02, 0.12, 0.02, 1.96, 
0.02, 0.02, 0.02, 0.02, 0.02, 0.12, 0.02, 1.96, 
0.02, 0.02, 0.02, 0.02, 0.02, 0.17, 0.02, 1.97, 
0.02, 0.02, 0.02, 0.02, 0.02, 0.20, 0.02, 2.01, 
0.02, 0.02, 0.02, 0.02, 0.02, 0.04, 0.02, 2.02, 
0.02, 0.02, 0.02, 0.02, 0.02, 0.02, 0.02, 2.00, 
0.02, 0.02, 0.02, 0.02, 0.02, 0.02, 0.02, 1.85, 
0.02, 0.02, 0.02, 0.02, 0.02, 0.02, 0.02, 1.48, 
0.02, 0.02, 0.02, 0.02, 0.02, 0.02, 0.02, 0.78, 
0.02, 0.02, 0.02, 0.02, 0.02, 0.02, 0.02, 0.37, 
0.02, 0.02, 0.02, 0.02, 0.02, 0.02, 0.02, 0.15, 
0.02, 0.02, 0.02, 0.02, 0.02, 0.02, 0.02, 0.05, 
0.02, 0.02, 0.02, 0.02, 0.02, 0.02, 0.02, 0.03, 
0.02, 0.02, 0.02, 0.02, 0.02, 0.02, 0.02, 0.02, 
0.02, 0.02, 0.02, 0.02, 0.02, 0.02, 0.02, 0.60, 
0.02, 0.02, 0.02, 0.02, 0.02, 0.02, 0.02, 0.91, 
0.02, 0.02, 0.02, 0.02, 0.02, 0.02, 0.02, 1.25, 
0.02, 0.02, 0.02, 0.02, 0.02, 0.06, 0.02, 1.62, 
0.02, 0.02, 0.02, 0.02, 0.02, 0.12, 0.02, 1.79, 
0.02, 0.02, 0.02, 0.02, 0.02, 0.13, 0.02, 1.91, 
0.02, 0.02, 0.02, 0.02, 0.02, 0.14, 0.02, 2.06, 
0.02, 0.02, 0.02, 0.02, 0.02, 0.26, 0.11, 2.39, 
0.02, 0.03, 0.02, 0.02, 0.02, 0.93, 1.05, 2.86, 
0.02, 0.51, 0.02, 0.02, 0.02, 1.84, 1.95, 2.99, 
0.02, 0.74, 0.02, 0.02, 0.02, 2.22, 2.26, 3.01, 
0.02, 0.90, 0.02, 0.02, 0.02, 2.22, 2.21, 2.99, 
0.02, 1.05, 0.02, 0.02, 0.02, 2.10, 2.21, 2.99, 
0.02, 1.11, 0.02, 0.02, 0.02, 2.11, 2.19, 2.96, 
0.02, 0.98, 0.02, 0.02, 0.02, 1.96, 2.01, 2.90, 
0.02, 0.56, 0.02, 0.02, 0.02, 1.77, 1.69, 2.79, 
0.02, 0.22, 0.02, 0.02, 0.02, 1.41, 1.23, 2.52, 
0.02, 0.06, 0.02, 0.02, 0.02, 0.77, 0.62, 1.81, 
0.02, 0.02, 0.02, 0.02, 0.02, 0.34, 0.25, 0.87, 
0.02, 0.02, 0.02, 0.02, 0.02, 0.12, 0.07, 0.40, 
0.02, 0.02, 0.02, 0.02, 0.02, 0.04, 0.03, 0.17, 
0.02, 0.02, 0.02, 0.02, 0.02, 0.02, 0.02, 0.06, 
0.02, 0.02, 0.02, 0.02, 0.02, 0.02, 0.02, 0.03, 
0.02, 0.02, 0.02, 0.02, 0.02, 0.02, 0.02, 0.27, 
0.02, 0.02, 0.02, 0.02, 0.02, 0.02, 0.17, 2.44, 
0.02, 0.02, 0.02, 0.02, 0.02, 0.02, 1.06, 2.83, 
0.02, 0.12, 0.02, 0.02, 0.02, 0.91, 1.86, 3.01, 
0.02, 0.80, 0.02, 0.02, 0.02, 2.38, 2.70, 3.11, 
0.02, 1.21, 0.02, 0.02, 0.02, 2.82, 2.95, 3.14, 
0.02, 1.92, 0.02, 0.02, 0.32, 2.93, 2.99, 3.14, 
0.02, 2.51, 0.02, 0.02, 0.76, 3.01, 2.84, 3.11, 
0.02, 2.69, 0.02, 0.02, 1.62, 3.05, 2.54, 3.08, 
0.61, 2.83, 0.02, 0.02, 2.12, 3.05, 2.18, 3.01, 
1.90, 2.92, 0.17, 0.02, 2.28, 3.03, 1.80, 2.88, 
2.60, 2.97, 0.69, 0.02, 2.60, 3.03, 1.22, 2.65, 
2.77, 2.99, 0.98, 0.08, 2.73, 3.03, 0.56, 2.23, 
2.82, 3.02, 1.11, 0.45, 2.75, 3.02, 0.22, 1.52, 
2.86, 3.05, 1.21, 0.96, 2.81, 3.03, 0.06, 1.04, 
2.82, 3.04, 0.95, 1.19, 2.82, 2.96, 0.03, 0.75, 
2.06, 2.83, 0.38, 0.95, 2.20, 2.50, 0.02, 0.34, 
0.90, 1.86, 0.12, 0.40, 1.17, 1.55, 0.02, 0.13, 
0.36, 0.85, 0.03, 0.13, 0.56, 0.74, 0.02, 0.04, 
0.11, 0.37, 0.02, 0.03, 0.25, 0.34, 0.02, 0.02, 
0.03, 0.14, 0.02, 0.02, 0.10, 0.14, 0.02, 0.02, 
0.02, 0.04, 0.02, 0.02, 0.03, 0.05, 0.02, 0.02, 
0.02, 0.02, 0.02, 0.02, 0.02, 0.03, 0.02, 0.02, 
0.02, 0.02, 0.02, 0.02, 0.02, 0.02, 0.02, 0.02, 
0.02, 0.02, 0.02, 0.02, 0.02, 0.02, 0.02, 0.02, 
0.02, 0.02, 0.02, 0.02, 0.02, 0.02, 0.02, 0.02, 
0.02, 0.02, 0.02, 0.02, 0.02, 0.11, 0.47, 1.97, 
0.02, 0.04, 0.02, 0.02, 0.02, 1.16, 2.86, 3.12, 
0.02, 1.11, 0.02, 0.02, 0.49, 2.84, 2.91, 3.14, 
0.02, 1.75, 0.02, 0.02, 0.94, 2.96, 2.96, 3.14, 
0.02, 2.18, 0.02, 0.02, 1.00, 2.99, 2.91, 3.12, 
0.11, 2.66, 0.02, 0.02, 0.99, 3.00, 2.69, 3.07, 
2.12, 2.89, 0.04, 0.02, 1.40, 2.99, 2.08, 2.92, 
2.82, 2.99, 0.72, 0.02, 2.16, 2.98, 1.16, 2.44, 
2.98, 3.05, 1.24, 0.46, 2.55, 2.93, 0.52, 1.48, 
3.05, 3.09, 1.70, 1.02, 2.70, 2.92, 0.20, 1.11, 
3.08, 3.11, 1.95, 1.40, 2.76, 2.90, 0.05, 0.79, 
3.11, 3.13, 1.93, 1.54, 2.61, 2.77, 0.03, 0.55, 
3.10, 3.11, 1.50, 1.12, 2.19, 2.34, 0.02, 0.31, 
2.80, 2.92, 0.86, 0.45, 1.17, 1.25, 0.02, 0.11, 
1.50, 2.13, 0.36, 0.16, 0.56, 0.59, 0.02, 0.04, 
0.64, 1.01, 0.12, 0.04, 0.25, 0.26, 0.02, 0.02, 
0.24, 0.45, 0.03, 0.02, 0.09, 0.10, 0.02, 0.02, 
0.07, 0.18, 0.02, 0.02, 0.03, 0.04, 0.02, 0.02, 
0.03, 0.05, 0.02, 0.02, 0.02, 0.02, 0.02, 0.02, 
0.02, 0.03, 0.02, 0.02, 0.02, 0.02, 0.02, 0.02, 
0.02, 0.02, 0.02, 0.02, 0.02, 0.02, 0.02, 0.02, 
0.02, 0.02, 0.02, 0.02, 0.02, 0.02, 0.02, 0.02, 
0.02, 0.02, 0.02, 0.02, 0.02, 0.02, 0.02, 0.02, 
0.02, 0.02, 0.02, 0.02, 0.02, 0.09, 0.19, 0.81, 
0.02, 0.02, 0.02, 0.02, 0.02, 0.69, 2.63, 3.09, 
0.02, 0.02, 0.02, 0.02, 0.02, 2.02, 2.84, 3.13, 
0.02, 0.11, 0.02, 0.02, 0.02, 2.80, 2.94, 3.14, 
0.02, 0.62, 0.02, 0.02, 0.10, 2.93, 2.96, 3.15, 
0.02, 1.23, 0.02, 0.02, 0.26, 2.97, 2.93, 3.13, 
0.02, 2.09, 0.02, 0.02, 0.56, 3.01, 2.71, 3.10, 
0.02, 2.47, 0.02, 0.02, 0.85, 3.01, 2.30, 3.05, 
0.10, 2.63, 0.02, 0.02, 1.29, 3.00, 1.87, 2.95, 
1.05, 2.73, 0.08, 0.02, 1.79, 3.00, 1.46, 2.83, 
2.39, 2.87, 0.24, 0.02, 1.96, 2.97, 0.82, 2.50, 
2.87, 3.02, 1.07, 0.06, 2.19, 2.92, 0.35, 1.58, 
3.03, 3.08, 1.69, 0.87, 2.43, 2.89, 0.12, 1.08, 
3.04, 3.08, 1.44, 0.99, 2.23, 2.63, 0.03, 0.72, 
2.75, 2.86, 0.68, 0.39, 1.30, 1.75, 0.03, 0.43, 
1.54, 1.99, 0.27, 0.12, 0.61, 0.87, 0.02, 0.17, 
0.66, 0.94, 0.08, 0.03, 0.27, 0.40, 0.02, 0.09, 
0.25, 0.41, 0.03, 0.02, 0.10, 0.16, 0.02, 0.17, 
0.07, 0.16, 0.02, 0.02, 0.03, 0.05, 0.02, 0.29, 
0.03, 0.05, 0.02, 0.02, 0.02, 0.03, 0.02, 0.31, 
0.02, 0.02, 0.02, 0.02, 0.02, 0.02, 0.02, 0.21, 
0.02, 0.02, 0.02, 0.02, 0.02, 0.02, 0.02, 0.12, 
0.02, 0.02, 0.02, 0.02, 0.02, 0.02, 0.02, 0.04, 
0.02, 0.02, 0.02, 0.02, 0.02, 0.02, 0.02, 0.07, 
0.02, 0.02, 0.02, 0.02, 0.02, 0.02, 0.02, 0.12, 
0.02, 0.02, 0.02, 0.02, 0.02, 0.02, 0.86, 2.63, 
0.02, 0.02, 0.02, 0.02, 0.02, 0.77, 2.50, 3.10, 
0.02, 0.02, 0.02, 0.02, 0.02, 2.06, 2.73, 3.13, 
0.02, 0.35, 0.02, 0.02, 0.44, 2.98, 2.82, 3.14, 
0.02, 1.46, 0.02, 0.02, 1.48, 3.06, 2.77, 3.14, 
0.02, 2.19, 0.02, 0.02, 2.48, 3.09, 2.50, 3.11, 
0.02, 2.63, 0.02, 0.02, 2.85, 3.10, 1.94, 3.06, 
0.02, 2.79, 0.02, 0.02, 2.95, 3.11, 1.40, 2.96, 
0.02, 2.88, 0.02, 0.28, 3.00, 3.11, 0.74, 2.88, 
0.86, 2.93, 0.02, 0.72, 3.04, 3.12, 0.31, 2.74, 
2.10, 3.00, 0.02, 1.17, 3.05, 3.11, 0.09, 2.19, 
2.62, 3.05, 0.02, 1.49, 3.06, 3.09, 0.03, 1.37, 
2.75, 3.08, 0.02, 1.74, 3.06, 3.08, 0.02, 0.97, 
2.82, 3.10, 0.02, 1.90, 3.06, 3.08, 0.02, 0.65, 
2.84, 3.11, 0.02, 2.04, 3.04, 3.05, 0.02, 0.29, 
2.68, 3.07, 0.02, 1.71, 2.71, 2.79, 0.02, 0.10, 
1.60, 2.81, 0.02, 0.74, 2.04, 1.91, 0.02, 0.03, 
0.68, 1.96, 0.02, 0.32, 1.20, 0.91, 0.02, 0.02, 
0.27, 0.90, 0.02, 0.11, 0.59, 0.43, 0.02, 0.02, 
0.08, 0.40, 0.02, 0.03, 0.27, 0.18, 0.02, 0.02, 
0.03, 0.16, 0.02, 0.02, 0.11, 0.06, 0.02, 0.02, 
0.02, 0.05, 0.02, 0.02, 0.04, 0.03, 0.02, 0.02, 
0.02, 0.02, 0.02, 0.02, 0.02, 0.02, 0.02, 0.02, 
0.02, 0.02, 0.02, 0.02, 0.02, 0.02, 0.02, 0.02, 
0.02, 0.02, 0.02, 0.02, 0.02, 0.02, 0.02, 0.02, 
0.02, 0.02, 0.02, 0.02, 0.02, 0.02, 0.02, 0.02, 
0.02, 0.02, 0.02, 0.02, 0.02, 0.02, 0.02, 0.21, 
0.02, 0.02, 0.02, 0.02, 0.02, 0.03, 1.14, 2.77, 
0.02, 0.02, 0.02, 0.02, 0.02, 1.72, 2.33, 3.09, 
0.02, 0.02, 0.02, 0.02, 0.34, 2.74, 2.82, 3.12, 
0.02, 0.37, 0.02, 0.02, 0.75, 2.91, 2.93, 3.13, 
0.02, 1.57, 0.02, 0.02, 1.09, 2.99, 2.87, 3.11, 
0.02, 2.43, 0.02, 0.02, 1.67, 3.02, 2.50, 3.05, 
0.42, 2.71, 0.02, 0.02, 2.10, 3.01, 1.99, 2.96, 
2.11, 2.84, 0.02, 0.02, 1.95, 2.99, 1.63, 2.85, 
2.63, 2.93, 0.02, 0.02, 2.19, 2.99, 0.87, 2.59, 
2.82, 2.98, 0.37, 0.02, 2.36, 2.99, 0.38, 2.00, 
2.98, 3.04, 1.06, 0.30, 2.41, 2.95, 0.13, 1.38, 
3.08, 3.10, 1.70, 1.03, 2.50, 2.88, 0.04, 1.02, 
3.12, 3.13, 1.90, 1.35, 2.46, 2.61, 0.03, 0.66, 
3.12, 3.10, 1.57, 0.93, 1.80, 1.89, 0.02, 0.32, 
3.00, 2.96, 1.15, 0.36, 0.86, 0.94, 0.02, 0.12, 
2.30, 2.43, 0.59, 0.11, 0.40, 0.44, 0.02, 0.04, 
1.04, 1.29, 0.23, 0.03, 0.17, 0.18, 0.02, 0.02, 
0.43, 0.58, 0.06, 0.02, 0.06, 0.06, 0.02, 0.02, 
0.15, 0.24, 0.03, 0.02, 0.03, 0.03, 0.02, 0.02, 
0.04, 0.08, 0.02, 0.02, 0.02, 0.02, 0.02, 0.02, 
0.02, 0.03, 0.02, 0.02, 0.02, 0.02, 0.02, 0.02, 
0.02, 0.02, 0.02, 0.02, 0.02, 0.02, 0.02, 0.02, 
0.02, 0.02, 0.02, 0.02, 0.02, 0.02, 0.02, 0.02, 
0.02, 0.02, 0.02, 0.02, 0.02, 0.02, 0.02, 0.02, 
0.02, 0.02, 0.02, 0.02, 0.02, 0.02, 0.02, 0.31, 
0.02, 0.02, 0.02, 0.02, 0.02, 0.59, 0.88, 2.88, 
0.02, 0.33, 0.02, 0.02, 0.02, 2.36, 1.47, 3.06, 
0.02, 1.27, 0.02, 0.02, 0.05, 2.82, 2.18, 3.11, 
0.02, 1.87, 0.02, 0.02, 0.26, 2.93, 2.60, 3.12, 
0.02, 2.40, 0.02, 0.02, 0.65, 2.98, 2.57, 3.11, 
0.31, 2.69, 0.02, 0.02, 1.07, 2.99, 2.15, 3.05, 
1.64, 2.74, 0.02, 0.02, 1.42, 2.98, 1.69, 2.96, 
2.40, 2.77, 0.08, 0.02, 1.34, 2.94, 0.93, 2.81, 
2.68, 2.82, 0.57, 0.02, 1.27, 2.89, 0.40, 2.53, 
2.82, 2.89, 1.13, 0.02, 1.24, 2.85, 0.14, 2.13, 
2.93, 2.98, 1.58, 0.02, 1.53, 2.83, 0.04, 1.65, 
3.02, 3.03, 2.07, 0.19, 1.93, 2.75, 0.03, 1.21, 
3.08, 3.05, 2.18, 0.51, 2.00, 2.50, 0.02, 0.87, 
3.08, 3.02, 1.70, 0.17, 1.30, 1.65, 0.02, 0.69, 
2.99, 2.84, 1.33, 0.03, 0.59, 0.80, 0.02, 0.56, 
2.56, 2.27, 0.88, 0.02, 0.25, 0.37, 0.02, 0.26, 
1.35, 1.22, 0.39, 0.02, 0.09, 0.14, 0.02, 0.16, 
0.58, 0.55, 0.14, 0.02, 0.03, 0.05, 0.02, 0.39, 
0.22, 0.22, 0.04, 0.02, 0.02, 0.03, 0.02, 0.51, 
0.06, 0.07, 0.02, 0.02, 0.02, 0.02, 0.02, 0.54, 
0.03, 0.03, 0.02, 0.02, 0.02, 0.02, 0.02, 0.54, 
0.02, 0.02, 0.02, 0.02, 0.02, 0.02, 0.02, 0.54, 
0.02, 0.02, 0.02, 0.02, 0.02, 0.02, 0.02, 0.54, 
0.02, 0.02, 0.02, 0.02, 0.02, 0.02, 0.02, 0.54, 
0.02, 0.02, 0.02, 0.02, 0.02, 0.02, 0.02, 0.52, 
0.02, 0.02, 0.02, 0.02, 0.02, 0.09, 0.09, 1.47, 
0.02, 0.02, 0.02, 0.02, 0.02, 1.47, 1.43, 3.01, 
0.02, 0.02, 0.02, 0.02, 0.02, 2.46, 1.91, 3.10, 
0.02, 0.29, 0.02, 0.02, 0.02, 2.71, 2.36, 3.13, 
0.02, 0.74, 0.02, 0.02, 0.02, 2.82, 2.57, 3.14, 
0.02, 0.98, 0.02, 0.02, 0.02, 2.83, 2.63, 3.14, 
0.02, 1.12, 0.02, 0.02, 0.02, 2.81, 2.58, 3.14, 
0.02, 1.63, 0.02, 0.02, 0.03, 2.84, 2.37, 3.13, 
0.65, 2.09, 0.02, 0.02, 0.09, 2.87, 1.90, 3.07, 
2.10, 2.57, 0.12, 0.02, 0.45, 2.89, 1.34, 2.96, 
2.68, 2.80, 0.71, 0.02, 0.98, 2.89, 0.62, 2.81, 
2.87, 2.94, 1.26, 0.02, 1.81, 2.86, 0.25, 2.43, 
2.96, 3.01, 1.78, 0.02, 2.15, 2.77, 0.11, 1.66, 
3.01, 3.02, 1.81, 0.02, 2.00, 2.59, 0.03, 1.12, 
2.95, 2.88, 1.41, 0.02, 1.21, 1.85, 0.02, 0.87, 
2.51, 2.25, 0.72, 0.02, 0.55, 0.92, 0.02, 0.73, 
1.23, 1.15, 0.30, 0.02, 0.23, 0.43, 0.02, 0.67, 
0.52, 0.52, 0.09, 0.02, 0.08, 0.18, 0.02, 0.64, 
0.19, 0.21, 0.03, 0.02, 0.03, 0.06, 0.02, 0.64, 
0.05, 0.06, 0.02, 0.02, 0.02, 0.03, 0.02, 0.64, 
0.03, 0.03, 0.02, 0.02, 0.02, 0.02, 0.02, 0.62, 
0.02, 0.02, 0.02, 0.02, 0.02, 0.02, 0.02, 0.60, 
0.02, 0.02, 0.02, 0.02, 0.02, 0.02, 0.02, 0.58, 
0.02, 0.02, 0.02, 0.02, 0.02, 0.02, 0.02, 0.58, 
0.02, 0.02, 0.02, 0.02, 0.02, 0.02, 0.02, 0.57, 
0.02, 0.02, 0.02, 0.02, 0.02, 0.02, 0.08, 1.67, 
0.02, 0.02, 0.02, 0.02, 0.02, 0.21, 1.81, 3.13, 
0.02, 0.02, 0.02, 0.02, 0.08, 1.79, 2.27, 3.15, 
0.02, 0.02, 0.02, 0.02, 0.30, 2.82, 2.44, 3.15, 
0.02, 0.68, 0.02, 0.02, 0.43, 2.92, 2.13, 3.12, 
0.90, 2.30, 0.03, 0.02, 1.11, 2.95, 1.54, 3.04, 
2.59, 2.84, 0.26, 0.02, 2.26, 2.96, 0.70, 2.79, 
2.90, 3.00, 1.05, 0.02, 2.73, 2.92, 0.30, 1.98, 
3.02, 3.06, 1.88, 0.60, 2.86, 2.90, 0.09, 1.20, 
3.08, 3.11, 2.02, 1.10, 2.88, 2.80, 0.03, 0.86, 
2.98, 3.05, 1.32, 0.85, 2.43, 2.38, 0.02, 0.66, 
1.72, 2.19, 0.58, 0.32, 1.25, 1.39, 0.02, 0.53, 
0.73, 1.01, 0.22, 0.09, 0.60, 0.68, 0.02, 0.58, 
0.28, 0.44, 0.06, 0.03, 0.27, 0.30, 0.02, 0.62, 
0.08, 0.17, 0.03, 0.02, 0.10, 0.11, 0.02, 0.62, 
0.03, 0.05, 0.02, 0.02, 0.03, 0.04, 0.02, 0.62, 
0.02, 0.02, 0.02, 0.02, 0.02, 0.02, 0.02, 0.60, 
0.02, 0.02, 0.02, 0.02, 0.02, 0.02, 0.02, 0.55, 
0.02, 0.02, 0.02, 0.02, 0.02, 0.02, 0.02, 0.52, 
0.02, 0.02, 0.02, 0.02, 0.02, 0.02, 0.02, 0.51, 
0.02, 0.02, 0.02, 0.02, 0.02, 0.02, 0.02, 0.52, 
0.02, 0.02, 0.02, 0.02, 0.02, 0.02, 0.19, 1.88, 
0.02, 0.05, 0.02, 0.02, 0.02, 1.01, 1.72, 3.10, 
0.02, 0.79, 0.02, 0.02, 0.10, 2.78, 2.22, 3.13, 
0.02, 1.26, 0.07, 0.02, 0.06, 2.89, 2.31, 3.11, 
0.02, 1.56, 0.32, 0.02, 0.02, 2.84, 2.05, 3.06, 
0.52, 1.97, 0.48, 0.02, 0.02, 2.85, 1.81, 2.99, 
1.83, 2.48, 0.65, 0.02, 0.07, 2.88, 1.28, 2.86, 
2.69, 2.82, 1.28, 0.02, 0.54, 2.87, 0.57, 2.43, 
2.98, 3.02, 2.13, 0.02, 1.12, 2.80, 0.22, 1.59, 
3.09, 3.07, 2.21, 0.32, 1.72, 2.60, 0.06, 1.02, 
3.07, 3.05, 1.55, 0.07, 1.29, 1.93, 0.03, 0.77, 
2.71, 2.57, 0.77, 0.02, 0.58, 1.02, 0.02, 0.46, 
1.43, 1.34, 0.33, 0.02, 0.24, 0.47, 0.02, 0.19, 
0.61, 0.61, 0.11, 0.02, 0.08, 0.20, 0.02, 0.42, 
0.24, 0.25, 0.03, 0.02, 0.03, 0.06, 0.02, 0.58, 
0.07, 0.08, 0.02, 0.02, 0.02, 0.03, 0.02, 0.64, 
0.03, 0.03, 0.02, 0.02, 0.02, 0.02, 0.02, 0.65, 
0.02, 0.02, 0.02, 0.02, 0.02, 0.02, 0.02, 0.63, 
0.02, 0.02, 0.02, 0.02, 0.02, 0.02, 0.02, 0.60, 
0.02, 0.02, 0.02, 0.02, 0.02, 0.02, 0.02, 0.59, 
0.02, 0.02, 0.02, 0.02, 0.02, 0.02, 0.02, 0.59, 
0.02, 0.02, 0.02, 0.02, 0.02, 0.02, 0.02, 0.75, 
0.02, 0.02, 0.02, 0.02, 0.02, 0.39, 1.18, 3.09, 
0.02, 0.30, 0.02, 0.02, 0.02, 1.89, 2.31, 3.14, 
0.02, 0.91, 0.02, 0.02, 0.02, 2.83, 2.55, 3.14, 
0.02, 0.92, 0.02, 0.02, 0.02, 2.84, 2.50, 3.13, 
0.02, 1.17, 0.17, 0.02, 0.02, 2.84, 2.26, 3.08, 
0.20, 1.69, 0.45, 0.02, 0.02, 2.85, 1.86, 2.98, 
1.82, 2.46, 0.70, 0.02, 0.02, 2.83, 1.11, 2.76, 
2.79, 2.90, 1.27, 0.02, 0.30, 2.75, 0.49, 2.07, 
3.04, 3.05, 2.03, 0.02, 0.71, 2.50, 0.18, 1.30, 
3.09, 3.06, 1.65, 0.02, 0.65, 2.11, 0.05, 0.90, 
2.86, 2.68, 0.98, 0.02, 0.23, 1.31, 0.03, 0.64, 
1.70, 1.65, 0.43, 0.02, 0.06, 0.61, 0.02, 0.28, 
0.73, 0.76, 0.16, 0.02, 0.02, 0.27, 0.02, 0.44, 
0.29, 0.32, 0.04, 0.02, 0.02, 0.10, 0.02, 0.60, 
0.09, 0.11, 0.02, 0.02, 0.02, 0.04, 0.02, 0.66, 
0.03, 0.04, 0.02, 0.02, 0.02, 0.02, 0.02, 0.67, 
0.02, 0.02, 0.02, 0.02, 0.02, 0.02, 0.02, 0.63, 
0.02, 0.02, 0.02, 0.02, 0.02, 0.02, 0.02, 0.62, 
0.02, 0.02, 0.02, 0.02, 0.02, 0.02, 0.02, 0.59, 
0.02, 0.02, 0.02, 0.02, 0.02, 0.02, 0.02, 0.58, 
0.02, 0.02, 0.02, 0.02, 0.02, 0.02, 0.02, 0.58, 
0.02, 0.02, 0.02, 0.02, 0.02, 0.32, 0.50, 2.46, 
0.02, 0.08, 0.02, 0.02, 0.02, 1.50, 1.36, 3.04, 
0.02, 0.83, 0.02, 0.02, 0.02, 2.67, 2.47, 3.11, 
0.02, 1.28, 0.02, 0.02, 0.02, 2.89, 2.77, 3.13, 
0.73, 1.61, 0.02, 0.02, 0.02, 2.87, 2.64, 3.10, 
1.90, 2.30, 0.34, 0.02, 0.02, 2.84, 2.06, 2.97, 
2.82, 2.83, 1.19, 0.02, 0.07, 2.81, 1.05, 2.59, 
3.07, 3.03, 2.32, 0.02, 0.27, 2.54, 0.46, 1.64, 
3.13, 3.09, 2.54, 0.02, 0.67, 2.15, 0.17, 1.02, 
3.15, 3.09, 2.03, 0.02, 0.39, 1.53, 0.04, 0.75, 
3.12, 2.97, 1.54, 0.02, 0.11, 0.80, 0.03, 0.48, 
2.67, 2.30, 0.90, 0.02, 0.03, 0.36, 0.02, 0.20, 
1.24, 1.18, 0.40, 0.02, 0.02, 0.14, 0.02, 0.12, 
0.53, 0.53, 0.15, 0.02, 0.02, 0.05, 0.02, 0.43, 
0.20, 0.21, 0.04, 0.02, 0.02, 0.03, 0.02, 0.54, 
0.05, 0.07, 0.02, 0.02, 0.02, 0.02, 0.02, 0.58, 
0.03, 0.03, 0.02, 0.02, 0.02, 0.02, 0.02, 0.57, 
0.02, 0.02, 0.02, 0.02, 0.02, 0.02, 0.02, 0.54, 
0.02, 0.02, 0.02, 0.02, 0.02, 0.02, 0.02, 0.53, 
0.02, 0.02, 0.02, 0.02, 0.02, 0.02, 0.02, 0.58, 
0.02, 0.02, 0.02, 0.02, 0.02, 0.14, 0.75, 3.00, 
0.02, 0.02, 0.02, 0.02, 0.02, 1.22, 1.63, 3.12, 
0.02, 0.63, 0.02, 0.02, 0.02, 2.72, 2.05, 3.14, 
0.02, 1.30, 0.02, 0.02, 0.20, 2.99, 2.18, 3.14, 
0.02, 1.60, 0.02, 0.02, 0.34, 3.01, 2.08, 3.14, 
0.02, 1.99, 0.02, 0.02, 0.78, 3.04, 1.86, 3.12, 
0.02, 2.46, 0.02, 0.02, 1.61, 3.07, 1.70, 3.09, 
0.98, 2.82, 0.02, 0.02, 2.31, 3.08, 1.34, 3.01, 
2.35, 2.97, 0.02, 0.02, 2.63, 3.05, 0.80, 2.81, 
2.86, 3.07, 0.17, 0.02, 2.73, 3.01, 0.33, 2.08, 
3.06, 3.13, 0.85, 0.59, 2.82, 2.96, 0.10, 1.23, 
3.11, 3.15, 1.10, 0.99, 2.69, 2.74, 0.03, 0.85, 
3.06, 3.11, 0.61, 0.44, 1.76, 2.04, 0.02, 0.57, 
2.37, 2.73, 0.22, 0.14, 0.84, 1.01, 0.02, 0.24, 
1.05, 1.55, 0.06, 0.03, 0.39, 0.47, 0.02, 0.08, 
0.44, 0.71, 0.02, 0.02, 0.16, 0.20, 0.02, 0.03, 
0.16, 0.31, 0.02, 0.02, 0.05, 0.07, 0.02, 0.02, 
0.04, 0.11, 0.02, 0.02, 0.03, 0.03, 0.02, 0.02, 
0.03, 0.04, 0.02, 0.02, 0.02, 0.02, 0.02, 0.02, 
0.02, 0.02, 0.02, 0.02, 0.02, 0.02, 0.02, 0.02, 
0.02, 0.02, 0.02, 0.02, 0.02, 0.02, 0.02, 0.02, 
0.02, 0.02, 0.02, 0.02, 0.02, 0.02, 0.02, 0.21, 
0.02, 0.02, 0.02, 0.02, 0.02, 0.33, 0.79, 3.00, 
0.02, 0.32, 0.02, 0.02, 0.02, 1.98, 2.22, 3.13, 
0.02, 1.41, 0.02, 0.02, 0.46, 2.92, 2.59, 3.15, 
0.02, 2.17, 0.02, 0.02, 0.82, 3.00, 2.62, 3.14, 
0.03, 2.53, 0.02, 0.02, 1.32, 3.02, 2.45, 3.12, 
1.47, 2.84, 0.02, 0.02, 1.95, 3.04, 2.03, 3.05, 
2.66, 2.98, 0.02, 0.02, 2.42, 3.03, 1.37, 2.90, 
2.90, 3.02, 0.20, 0.02, 2.52, 2.99, 0.63, 2.53, 
3.03, 3.06, 0.87, 0.02, 2.36, 2.90, 0.25, 1.85, 
3.10, 3.09, 1.52, 0.22, 2.39, 2.84, 0.07, 1.17, 
3.12, 3.11, 1.78, 0.80, 2.43, 2.74, 0.03, 0.80, 
3.05, 3.06, 1.08, 0.49, 1.70, 2.20, 0.02, 0.64, 
2.21, 2.61, 0.46, 0.15, 0.79, 1.21, 0.02, 0.39, 
0.95, 1.48, 0.17, 0.03, 0.36, 0.57, 0.02, 0.35, 
0.39, 0.67, 0.04, 0.02, 0.14, 0.25, 0.02, 0.42, 
0.13, 0.28, 0.02, 0.02, 0.05, 0.09, 0.02, 0.45, 
0.04, 0.10, 0.02, 0.02, 0.03, 0.03, 0.02, 0.44, 
0.02, 0.03, 0.02, 0.02, 0.02, 0.02, 0.02, 0.45, 
0.02, 0.02, 0.02, 0.02, 0.02, 0.02, 0.02, 0.42, 
0.02, 0.02, 0.02, 0.02, 0.02, 0.02, 0.02, 0.40, 
0.02, 0.02, 0.02, 0.02, 0.02, 0.02, 0.02, 0.50, 
0.02, 0.02, 0.02, 0.02, 0.02, 0.02, 0.03, 1.19, 
0.02, 0.03, 0.02, 0.02, 0.02, 0.18, 0.12, 2.87, 
0.02, 0.98, 0.02, 0.02, 0.02, 1.88, 1.13, 3.05, 
0.02, 1.65, 0.02, 0.02, 0.02, 2.76, 1.89, 3.10, 
0.02, 1.96, 0.02, 0.02, 0.02, 2.92, 2.35, 3.12, 
0.18, 2.11, 0.02, 0.02, 0.02, 2.89, 2.46, 3.11, 
0.71, 2.35, 0.02, 0.02, 0.02, 2.87, 2.36, 3.07, 
2.08, 2.75, 0.02, 0.02, 0.40, 2.95, 1.93, 2.97, 
2.86, 3.00, 0.21, 0.02, 1.89, 2.99, 1.00, 2.51, 
3.08, 3.09, 0.92, 0.05, 2.68, 2.97, 0.43, 1.44, 
3.13, 3.13, 1.25, 0.82, 2.84, 2.89, 0.15, 0.91, 
3.14, 3.15, 1.24, 0.92, 2.68, 2.66, 0.04, 0.67, 
3.14, 3.16, 0.96, 0.42, 2.26, 2.23, 0.03, 0.43, 
3.14, 3.16, 0.67, 0.13, 1.74, 1.57, 0.02, 0.17, 
3.14, 3.16, 0.28, 0.03, 1.12, 0.99, 0.02, 0.05, 
3.06, 3.09, 0.08, 0.02, 0.58, 0.53, 0.02, 0.03, 
2.81, 2.90, 0.03, 0.02, 0.26, 0.23, 0.02, 0.02, 
2.34, 2.56, 0.02, 0.02, 0.10, 0.08, 0.02, 0.02, 
1.30, 2.08, 0.02, 0.02, 0.04, 0.03, 0.02, 0.02, 
0.56, 1.40, 0.02, 0.02, 0.02, 0.02, 0.02, 0.02, 
0.22, 0.68, 0.02, 0.02, 0.02, 0.02, 0.02, 0.02, 
0.07, 0.29, 0.02, 0.02, 0.02, 0.02, 0.02, 0.02, 
0.03, 0.11, 0.02, 0.02, 0.02, 0.02, 0.02, 0.02, 
0.02, 0.04, 0.02, 0.02, 0.02, 0.02, 0.02, 0.02, 
0.02, 0.02, 0.02, 0.02, 0.02, 0.02, 0.02, 0.02, 
0.02, 0.02, 0.02, 0.02, 0.02, 0.02, 0.02, 0.02, 
0.02, 0.02, 0.02, 0.02, 0.02, 0.02, 0.02, 0.30, 
0.02, 0.02, 0.02, 0.02, 0.02, 0.03, 0.09, 1.52, 
0.02, 0.02, 0.02, 0.02, 0.02, 0.02, 0.41, 2.70, 
0.02, 0.51, 0.02, 0.02, 0.02, 0.90, 0.54, 2.91, 
0.02, 1.33, 0.02, 0.02, 0.02, 2.09, 0.83, 3.03, 
0.02, 1.83, 0.02, 0.02, 0.02, 2.63, 1.12, 3.06, 
0.19, 2.10, 0.02, 0.02, 0.02, 2.75, 1.36, 3.08, 
0.96, 2.37, 0.02, 0.02, 0.02, 2.82, 1.52, 3.08, 
2.17, 2.74, 0.02, 0.02, 0.16, 2.93, 1.28, 3.04, 
2.68, 2.96, 0.02, 0.02, 1.58, 3.00, 0.73, 2.91, 
2.86, 3.04, 0.02, 0.02, 2.63, 3.04, 0.28, 2.68, 
2.94, 3.06, 0.31, 0.02, 2.82, 3.03, 0.08, 2.02, 
3.00, 3.08, 0.82, 0.02, 2.80, 3.01, 0.03, 1.39, 
3.06, 3.10, 1.28, 0.02, 2.74, 2.97, 0.02, 0.95, 
3.11, 3.12, 1.45, 0.02, 2.70, 2.90, 0.02, 0.73, 
3.12, 3.13, 1.39, 0.02, 2.53, 2.72, 0.02, 0.65, 
3.13, 3.13, 1.17, 0.02, 1.90, 2.37, 0.02, 0.58, 
3.05, 3.07, 0.56, 0.02, 1.01, 1.71, 0.02, 0.49, 
2.55, 2.79, 0.22, 0.02, 0.48, 0.88, 0.02, 0.21, 
1.17, 1.94, 0.06, 0.02, 0.21, 0.40, 0.02, 0.06, 
0.50, 0.92, 0.02, 0.02, 0.07, 0.17, 0.02, 0.03, 
0.19, 0.41, 0.02, 0.02, 0.03, 0.06, 0.02, 0.02, 
0.05, 0.16, 0.02, 0.02, 0.02, 0.03, 0.02, 0.02, 
0.03, 0.05, 0.02, 0.02, 0.02, 0.02, 0.02, 0.02, 
0.02, 0.02, 0.02, 0.02, 0.02, 0.02, 0.02, 0.02, 
0.02, 0.02, 0.02, 0.02, 0.02, 0.02, 0.02, 0.02, 
0.02, 0.02, 0.02, 0.02, 0.02, 0.02, 0.02, 0.09, 
0.02, 0.02, 0.02, 0.02, 0.02, 0.07, 0.02, 0.56, 
0.02, 0.23, 0.02, 0.02, 0.02, 0.54, 0.48, 2.96, 
0.02, 1.18, 0.02, 0.02, 0.02, 2.45, 1.28, 3.07, 
0.02, 1.78, 0.02, 0.02, 0.08, 2.83, 1.74, 3.11, 
0.02, 2.12, 0.02, 0.02, 0.36, 2.93, 2.18, 3.13, 
0.50, 2.46, 0.02, 0.02, 0.59, 2.96, 2.16, 3.10, 
2.05, 2.82, 0.02, 0.02, 1.37, 2.98, 1.61, 2.94, 
2.88, 3.01, 0.34, 0.02, 2.32, 2.95, 0.80, 2.32, 
3.09, 3.10, 1.20, 0.02, 2.57, 2.84, 0.33, 1.33, 
3.13, 3.13, 1.60, 0.47, 2.53, 2.57, 0.10, 0.85, 
3.16, 3.14, 1.47, 0.19, 1.91, 1.95, 0.03, 0.58, 
3.16, 3.12, 1.17, 0.04, 0.94, 1.14, 0.02, 0.25, 
3.12, 3.01, 0.66, 0.02, 0.44, 0.53, 0.02, 0.08, 
2.75, 2.50, 0.27, 0.02, 0.18, 0.23, 0.02, 0.21, 
1.38, 1.46, 0.08, 0.02, 0.06, 0.08, 0.02, 0.29, 
0.59, 0.67, 0.03, 0.02, 0.03, 0.03, 0.02, 0.36, 
0.23, 0.29, 0.02, 0.02, 0.02, 0.02, 0.02, 0.44, 
0.07, 0.10, 0.02, 0.02, 0.02, 0.02, 0.02, 0.45, 
0.03, 0.03, 0.02, 0.02, 0.02, 0.02, 0.02, 0.45, 
0.02, 0.02, 0.02, 0.02, 0.02, 0.02, 0.02, 0.45, 
0.02, 0.02, 0.02, 0.02, 0.02, 0.02, 0.02, 0.45, 
0.02, 0.02, 0.02, 0.02, 0.02, 0.02, 0.02, 0.45, 
0.02, 0.02, 0.02, 0.02, 0.02, 0.02, 0.02, 0.50, 
0.02, 0.02, 0.02, 0.02, 0.02, 0.03, 0.23, 2.38, 
0.02, 0.02, 0.02, 0.02, 0.02, 0.58, 1.00, 3.04, 
0.02, 0.02, 0.02, 0.02, 0.02, 1.66, 1.76, 3.11, 
0.02, 0.90, 0.02, 0.02, 0.02, 2.69, 2.17, 3.12, 
0.02, 1.46, 0.02, 0.02, 0.02, 2.82, 2.29, 3.11, 
0.49, 2.08, 0.02, 0.02, 0.02, 2.84, 2.00, 3.05, 
1.88, 2.66, 0.02, 0.02, 0.37, 2.89, 1.53, 2.93, 
2.74, 2.94, 0.18, 0.02, 1.54, 2.93, 0.86, 2.65, 
3.01, 3.05, 0.87, 0.02, 2.29, 2.90, 0.36, 1.68, 
3.11, 3.11, 1.65, 0.24, 2.51, 2.78, 0.12, 1.00, 
3.14, 3.13, 1.74, 0.67, 2.44, 2.48, 0.03, 0.73, 
3.16, 3.14, 1.48, 0.30, 1.88, 1.93, 0.02, 0.55, 
3.16, 3.13, 1.18, 0.07, 0.94, 1.11, 0.02, 0.26, 
3.11, 3.06, 0.59, 0.02, 0.44, 0.52, 0.02, 0.09, 
2.87, 2.80, 0.23, 0.02, 0.18, 0.22, 0.02, 0.03, 
1.94, 2.17, 0.07, 0.02, 0.06, 0.08, 0.02, 0.02, 
0.85, 1.10, 0.03, 0.02, 0.03, 0.03, 0.02, 0.02, 
0.35, 0.50, 0.02, 0.02, 0.02, 0.02, 0.02, 0.02, 
0.12, 0.21, 0.02, 0.02, 0.02, 0.02, 0.02, 0.02, 
0.04, 0.07, 0.02, 0.02, 0.02, 0.02, 0.02, 0.02, 
0.02, 0.03, 0.02, 0.02, 0.02, 0.02, 0.02, 0.02, 
0.02, 0.02, 0.02, 0.02, 0.02, 0.02, 0.02, 0.02, 
0.02, 0.02, 0.02, 0.02, 0.02, 0.02, 0.02, 0.02, 
0.02, 0.02, 0.02, 0.02, 0.02, 0.02, 0.02, 0.02, 
0.02, 0.02, 0.02, 0.02, 0.02, 0.02, 0.02, 0.05, 
0.02, 0.02, 0.02, 0.02, 0.02, 0.03, 0.05, 1.59, 
0.02, 0.02, 0.02, 0.02, 0.02, 0.02, 0.90, 3.09, 
0.02, 0.02, 0.02, 0.02, 0.02, 0.83, 1.94, 3.13, 
0.02, 0.04, 0.02, 0.02, 0.02, 2.38, 2.31, 3.14, 
0.02, 0.97, 0.02, 0.02, 0.07, 2.95, 2.44, 3.15, 
0.02, 1.59, 0.02, 0.02, 0.46, 3.02, 2.47, 3.15, 
0.02, 1.86, 0.02, 0.02, 0.66, 3.03, 2.42, 3.14, 
0.02, 2.11, 0.02, 0.02, 0.77, 3.03, 2.34, 3.13, 
1.11, 2.66, 0.02, 0.02, 1.01, 3.03, 2.02, 3.07, 
2.58, 2.93, 0.02, 0.02, 2.04, 3.04, 1.32, 2.92, 
2.89, 3.01, 0.07, 0.02, 2.59, 3.02, 0.70, 2.57, 
3.04, 3.07, 0.51, 0.02, 2.74, 3.01, 0.28, 1.71, 
3.12, 3.12, 1.09, 0.27, 2.84, 2.97, 0.08, 1.02, 
3.14, 3.15, 1.23, 0.59, 2.69, 2.72, 0.03, 0.72, 
3.16, 3.16, 1.07, 0.23, 2.00, 2.15, 0.02, 0.51, 
3.17, 3.16, 0.90, 0.05, 1.04, 1.25, 0.02, 0.21, 
3.17, 3.15, 0.80, 0.02, 0.49, 0.59, 0.02, 0.07, 
3.16, 3.12, 0.39, 0.02, 0.21, 0.26, 0.02, 0.03, 
3.13, 3.07, 0.13, 0.02, 0.08, 0.10, 0.02, 0.02, 
3.07, 2.95, 0.04, 0.02, 0.03, 0.04, 0.02, 0.02, 
2.96, 2.73, 0.02, 0.02, 0.02, 0.02, 0.02, 0.02, 
2.86, 2.61, 0.02, 0.02, 0.02, 0.02, 0.02, 0.02, 
2.58, 2.30, 0.02, 0.02, 0.02, 0.02, 0.02, 0.02, 
1.70, 1.71, 0.02, 0.02, 0.02, 0.02, 0.02, 0.02, 
0.76, 0.90, 0.02, 0.02, 0.02, 0.02, 0.02, 0.02, 
0.31, 0.40, 0.02, 0.02, 0.02, 0.02, 0.02, 0.02, 
0.10, 0.16, 0.02, 0.02, 0.02, 0.02, 0.02, 0.02, 
0.03, 0.05, 0.02, 0.02, 0.02, 0.02, 0.02, 0.02, 
0.02, 0.02, 0.02, 0.02, 0.02, 0.02, 0.02, 0.02, 
0.02, 0.02, 0.02, 0.02, 0.02, 0.02, 0.02, 0.02, 
0.40, 0.52, 0.02, 0.02, 0.02, 0.02, 0.02, 0.02, 
2.30, 1.85, 0.02, 0.02, 0.02, 0.02, 0.02, 0.02, 
2.94, 2.55, 0.07, 0.02, 0.02, 0.02, 0.02, 0.02, 
3.03, 2.77, 0.17, 0.02, 0.02, 0.02, 0.02, 0.02, 
3.06, 2.85, 0.21, 0.02, 0.02, 0.02, 0.02, 0.02, 
3.07, 2.88, 0.26, 0.02, 0.02, 0.02, 0.02, 0.02, 
3.08, 2.89, 0.32, 0.02, 0.02, 0.02, 0.02, 0.02, 
3.09, 2.89, 0.42, 0.02, 0.02, 0.02, 0.02, 0.02, 
3.10, 2.90, 0.51, 0.02, 0.02, 0.02, 0.02, 0.02, 
3.11, 2.92, 0.54, 0.02, 0.02, 0.02, 0.02, 0.02, 
3.12, 2.96, 0.54, 0.02, 0.02, 0.02, 0.02, 0.02, 
3.13, 2.98, 0.50, 0.02, 0.02, 0.02, 0.02, 0.02, 
3.14, 2.98, 0.47, 0.02, 0.02, 0.02, 0.02, 0.02, 
3.14, 3.00, 0.57, 0.02, 0.02, 0.02, 0.02, 0.02, 
3.15, 3.03, 0.86, 0.02, 0.02, 0.02, 0.02, 0.02, 
3.14, 3.05, 1.26, 0.02, 0.02, 0.02, 0.02, 0.02, 
3.13, 3.07, 1.27, 0.02, 0.02, 0.02, 0.02, 0.02, 
3.11, 3.08, 1.25, 0.02, 0.02, 0.02, 0.02, 0.02, 
3.06, 3.07, 1.29, 0.02, 0.21, 0.40, 0.02, 0.13, 
2.93, 3.02, 1.18, 0.02, 1.23, 1.63, 0.02, 0.35, 
2.67, 2.92, 0.76, 0.02, 2.11, 2.71, 0.02, 0.56, 
2.00, 2.77, 0.32, 0.02, 2.13, 2.84, 0.02, 2.46, 
1.08, 2.51, 0.10, 0.02, 1.56, 2.87, 0.47, 2.93, 
0.45, 2.26, 0.03, 0.02, 0.81, 2.88, 1.18, 3.04, 
0.17, 2.21, 0.02, 0.02, 0.36, 2.88, 1.72, 3.07, 
0.05, 2.21, 0.02, 0.02, 0.13, 2.88, 2.08, 3.09, 
0.03, 2.00, 0.02, 0.02, 0.07, 2.90, 2.44, 3.12, 
0.02, 1.12, 0.02, 0.02, 0.17, 2.89, 2.85, 3.14, 
0.02, 0.52, 0.02, 0.02, 0.04, 2.76, 3.02, 3.16, 
0.02, 0.22, 0.02, 0.02, 0.02, 2.64, 3.04, 3.16, 
0.02, 0.08, 0.02, 0.02, 0.02, 2.62, 3.04, 3.16, 
0.02, 0.03, 0.02, 0.02, 0.02, 2.65, 3.03, 3.16, 
0.02, 0.02, 0.02, 0.02, 0.02, 2.70, 3.02, 3.16, 
0.02, 0.02, 0.02, 0.02, 0.02, 2.67, 3.02, 3.16, 
0.02, 0.02, 0.02, 0.02, 0.02, 2.54, 3.01, 3.16, 
0.02, 0.02, 0.02, 0.02, 0.02, 2.24, 2.99, 3.16, 
0.02, 0.02, 0.02, 0.02, 0.02, 1.87, 2.97, 3.16, 
0.02, 0.02, 0.02, 0.02, 0.02, 1.60, 2.90, 3.15, 
0.02, 0.02, 0.02, 0.02, 0.02, 1.31, 2.81, 3.14, 
0.02, 0.02, 0.02, 0.02, 0.02, 0.95, 2.72, 3.13, 
0.02, 0.02, 0.02, 0.02, 0.02, 0.56, 2.59, 3.13, 
0.02, 0.02, 0.02, 0.02, 0.02, 0.24, 2.51, 3.12, 
0.02, 0.02, 0.02, 0.02, 0.02, 0.08, 2.43, 3.11, 
0.02, 0.02, 0.02, 0.02, 0.02, 0.03, 2.24, 3.09, 
0.02, 0.02, 0.02, 0.02, 0.02, 0.02, 2.01, 3.08, 
0.02, 0.02, 0.02, 0.02, 0.02, 0.02, 1.78, 3.07, 
0.02, 0.02, 0.02, 0.02, 0.02, 0.02, 1.67, 3.07, 
0.02, 0.02, 0.02, 0.02, 0.02, 0.02, 1.64, 3.07, 
0.02, 0.02, 0.02, 0.02, 0.02, 0.02, 1.65, 3.07, 
0.02, 0.02, 0.02, 0.02, 0.02, 0.02, 1.70, 3.08, 
0.02, 0.02, 0.02, 0.02, 0.02, 0.02, 1.82, 3.09, 
0.02, 0.02, 0.02, 0.02, 0.02, 0.02, 2.12, 3.09, 
0.02, 0.02, 0.02, 0.02, 0.02, 0.02, 2.34, 3.10, 
0.02, 0.02, 0.02, 0.02, 0.02, 0.38, 2.46, 3.11, 
0.02, 0.02, 0.02, 0.02, 0.02, 0.80, 2.55, 3.12, 
0.02, 0.02, 0.02, 0.02, 0.02, 1.25, 2.60, 3.12, 
0.02, 0.02, 0.02, 0.02, 0.02, 1.59, 2.63, 3.12, 
0.02, 0.02, 0.02, 0.02, 0.02, 1.86, 2.65, 3.12, 
0.02, 0.02, 0.02, 0.02, 0.02, 2.16, 2.69, 3.12, 
0.02, 0.14, 0.02, 0.02, 0.02, 2.56, 2.71, 3.12, 
0.02, 0.91, 0.02, 0.02, 0.02, 2.80, 2.66, 3.12, 
0.02, 1.47, 0.02, 0.02, 0.02, 2.90, 2.57, 3.12, 
0.02, 1.83, 0.02, 0.02, 0.02, 2.96, 2.42, 3.10, 
0.02, 1.91, 0.10, 0.02, 0.02, 2.94, 2.10, 3.05, 
0.41, 1.92, 0.38, 0.02, 0.02, 2.87, 1.79, 2.97, 
1.35, 2.11, 0.63, 0.02, 0.02, 2.86, 1.35, 2.88, 
2.13, 2.44, 0.83, 0.02, 0.12, 2.86, 0.70, 2.68, 
2.70, 2.79, 1.22, 0.02, 0.60, 2.85, 0.29, 2.27, 
2.90, 2.97, 1.69, 0.02, 1.38, 2.84, 0.09, 1.51, 
3.02, 3.04, 2.14, 0.02, 2.10, 2.83, 0.03, 0.95, 
3.08, 3.08, 2.41, 0.22, 2.39, 2.80, 0.02, 0.63, 
3.11, 3.11, 2.17, 0.44, 2.40, 2.65, 0.02, 0.54, 
3.13, 3.11, 1.65, 0.13, 1.90, 2.15, 0.02, 0.50, 
3.13, 3.09, 1.35, 0.03, 1.04, 1.40, 0.02, 0.49, 
3.13, 3.07, 1.10, 0.02, 0.49, 0.84, 0.02, 0.39, 
3.13, 3.05, 0.87, 0.02, 0.20, 0.38, 0.02, 0.15, 
3.12, 3.02, 0.74, 0.02, 0.07, 0.15, 0.02, 0.05, 
3.12, 2.99, 0.42, 0.02, 0.03, 0.05, 0.02, 0.03, 
3.11, 2.93, 0.15, 0.02, 0.02, 0.03, 0.02, 0.02, 
3.09, 2.87, 0.04, 0.02, 0.02, 0.02, 0.02, 0.02, 
3.07, 2.83, 0.02, 0.02, 0.02, 0.02, 0.02, 0.02, 
3.04, 2.80, 0.02, 0.02, 0.02, 0.02, 0.02, 0.02, 
3.02, 2.78, 0.03, 0.02, 0.02, 0.02, 0.02, 0.02, 
3.01, 2.73, 0.19, 0.02, 0.02, 0.02, 0.02, 0.02, 
3.01, 2.74, 0.28, 0.02, 0.02, 0.02, 0.02, 0.02, 
3.02, 2.75, 0.34, 0.02, 0.02, 0.02, 0.02, 0.02, 
3.04, 2.77, 0.36, 0.02, 0.02, 0.02, 0.02, 0.02, 
3.06, 2.81, 0.36, 0.02, 0.02, 0.02, 0.02, 0.02, 
3.08, 2.87, 0.36, 0.02, 0.02, 0.02, 0.02, 0.02, 
3.10, 2.99, 0.16, 0.02, 0.02, 0.02, 0.02, 0.02, 
3.09, 3.05, 0.04, 0.02, 0.02, 0.02, 0.02, 0.02, 
3.09, 3.08, 0.02, 0.02, 0.02, 0.02, 0.02, 0.02, 
3.09, 3.10, 0.02, 0.02, 0.02, 0.02, 0.02, 0.02, 
3.07, 3.12, 0.02, 0.02, 0.02, 0.02, 0.02, 0.02, 
3.04, 3.13, 0.02, 0.02, 0.02, 0.02, 0.02, 0.02, 
3.02, 3.14, 0.02, 0.02, 0.41, 0.03, 0.02, 0.02, 
3.00, 3.14, 0.02, 0.02, 1.52, 0.61, 0.02, 0.02, 
2.92, 3.14, 0.02, 0.26, 2.71, 1.97, 0.02, 0.02, 
2.76, 3.13, 0.02, 0.75, 3.04, 2.70, 0.02, 0.20, 
2.55, 3.12, 0.02, 0.96, 3.09, 3.02, 0.02, 0.38, 
2.29, 3.11, 0.02, 1.04, 3.11, 3.08, 0.02, 0.44, 
1.77, 3.09, 0.02, 1.09, 3.13, 3.11, 0.02, 0.51, 
1.38, 3.05, 0.02, 0.92, 3.12, 3.12, 0.11, 0.93, 
0.94, 3.00, 0.02, 0.39, 3.09, 3.12, 0.05, 2.25, 
0.39, 2.91, 0.02, 0.13, 3.07, 3.12, 0.41, 2.83, 
0.13, 2.79, 0.02, 0.03, 3.05, 3.12, 2.00, 3.00, 
0.04, 2.62, 0.02, 0.02, 3.00, 3.13, 2.82, 3.07, 
0.03, 2.38, 0.02, 0.02, 2.91, 3.13, 2.98, 3.12, 
0.02, 2.15, 0.02, 0.02, 2.79, 3.12, 3.02, 3.13, 
0.02, 1.96, 0.02, 0.02, 2.69, 3.12, 3.03, 3.14, 
0.02, 1.73, 0.02, 0.02, 2.55, 3.12, 3.00, 3.14, 
0.02, 1.38, 0.02, 0.02, 2.32, 3.11, 2.96, 3.13, 
0.02, 0.77, 0.02, 0.02, 1.61, 3.07, 2.93, 3.12, 
0.02, 0.35, 0.02, 0.02, 0.79, 3.01, 2.90, 3.11, 
0.02, 0.14, 0.02, 0.02, 0.37, 2.94, 2.72, 3.09, 
0.02, 0.04, 0.02, 0.02, 0.14, 2.75, 2.35, 3.03, 
0.02, 0.02, 0.02, 0.02, 0.04, 2.41, 2.10, 2.98, 
0.02, 0.02, 0.02, 0.02, 0.03, 1.93, 1.82, 2.90, 
0.02, 0.02, 0.02, 0.02, 0.02, 1.34, 1.43, 2.70, 
0.02, 0.02, 0.02, 0.02, 0.02, 0.89, 1.00, 2.48, 
0.02, 0.02, 0.02, 0.02, 0.02, 0.52, 0.47, 2.31, 
0.02, 0.02, 0.02, 0.02, 0.02, 0.22, 0.18, 2.18, 
0.02, 0.02, 0.02, 0.02, 0.02, 0.08, 0.05, 2.11, 
0.02, 0.02, 0.02, 0.02, 0.02, 0.03, 0.03, 2.16, 
0.02, 0.02, 0.02, 0.02, 0.02, 0.02, 0.02, 2.24, 
0.02, 0.02, 0.02, 0.02, 0.02, 0.02, 0.04, 2.40, 
0.02, 0.02, 0.02, 0.02, 0.02, 0.02, 0.13, 2.61, 
0.02, 0.02, 0.02, 0.02, 0.02, 0.02, 0.81, 2.82, 
0.02, 0.02, 0.02, 0.02, 0.02, 0.22, 1.53, 2.94, 
0.02, 0.02, 0.02, 0.02, 0.02, 0.40, 2.32, 2.99, 
0.02, 0.02, 0.02, 0.02, 0.02, 0.57, 2.72, 3.05, 
0.02, 0.02, 0.02, 0.02, 0.02, 0.75, 2.89, 3.08, 
0.02, 0.02, 0.02, 0.02, 0.02, 0.99, 2.93, 3.09, 
0.02, 0.02, 0.02, 0.02, 0.02, 1.65, 2.95, 3.10, 
0.02, 0.60, 0.02, 0.02, 0.02, 2.49, 2.94, 3.10, 
0.02, 1.53, 0.02, 0.02, 0.02, 2.84, 2.93, 3.10, 
0.26, 2.14, 0.02, 0.02, 0.12, 2.98, 2.84, 3.09, 
0.53, 2.36, 0.02, 0.02, 0.77, 3.03, 2.79, 3.08, 
0.87, 2.54, 0.02, 0.02, 1.20, 3.04, 2.69, 3.04, 
1.71, 2.74, 0.02, 0.02, 1.41, 3.04, 2.44, 2.97, 
2.46, 2.87, 0.02, 0.02, 1.95, 3.04, 1.77, 2.85, 
2.73, 2.95, 0.02, 0.02, 2.37, 3.04, 0.90, 2.56, 
2.93, 3.03, 0.33, 0.02, 2.57, 3.01, 0.39, 1.97, 
3.07, 3.09, 1.04, 0.24, 2.71, 2.95, 0.14, 1.24, 
3.11, 3.12, 1.36, 0.86, 2.71, 2.81, 0.04, 0.79, 
3.13, 3.14, 1.37, 0.76, 2.51, 2.57, 0.03, 0.58, 
3.13, 3.14, 1.22, 0.28, 2.10, 2.17, 0.02, 0.43, 
3.14, 3.14, 1.04, 0.07, 1.68, 1.65, 0.02, 0.17, 
3.14, 3.14, 0.83, 0.02, 1.41, 1.12, 0.02, 0.05, 
3.14, 3.14, 0.49, 0.02, 1.19, 0.70, 0.02, 0.03, 
3.12, 3.12, 0.18, 0.02, 0.73, 0.32, 0.02, 0.02, 
3.09, 3.09, 0.05, 0.02, 0.34, 0.13, 0.02, 0.02, 
3.03, 3.06, 0.20, 0.02, 0.14, 0.04, 0.02, 0.02, 
2.97, 3.01, 0.28, 0.02, 0.05, 0.03, 0.02, 0.02, 
2.85, 2.94, 0.25, 0.02, 0.03, 0.02, 0.02, 0.02, 
2.76, 2.90, 0.20, 0.02, 0.02, 0.02, 0.02, 0.02, 
2.77, 2.87, 0.18, 0.02, 0.02, 0.02, 0.02, 0.02, 
2.80, 2.84, 0.04, 0.02, 0.02, 0.02, 0.02, 0.02, 
2.79, 2.79, 0.02, 0.02, 0.02, 0.02, 0.02, 0.02, 
2.70, 2.68, 0.02, 0.02, 0.02, 0.02, 0.02, 0.02, 
2.54, 2.56, 0.02, 0.02, 0.02, 0.02, 0.02, 0.02, 
2.31, 2.32, 0.02, 0.02, 0.02, 0.02, 0.02, 0.02, 
1.93, 2.06, 0.02, 0.02, 0.02, 0.02, 0.02, 0.02, 
1.64, 1.79, 0.02, 0.02, 0.02, 0.02, 0.02, 0.02, 
1.33, 1.55, 0.02, 0.02, 0.02, 0.02, 0.02, 0.02, 
0.69, 1.02, 0.02, 0.02, 0.02, 0.02, 0.02, 0.02, 
0.28, 0.73, 0.02, 0.02, 0.02, 0.02, 0.02, 0.02, 
0.09, 0.46, 0.02, 0.02, 0.02, 0.02, 0.02, 0.02, 
0.03, 0.19, 0.02, 0.02, 0.02, 0.02, 0.02, 0.02, 
0.02, 0.06, 0.02, 0.02, 0.02, 0.02, 0.02, 0.02, 
0.02, 0.03, 0.02, 0.02, 0.02, 0.02, 0.02, 0.02, 
0.02, 0.02, 0.02, 0.02, 0.02, 0.02, 0.02, 0.02, 
0.02, 0.02, 0.02, 0.02, 0.02, 0.02, 0.02, 0.02, 
0.02, 0.02, 0.02, 0.02, 0.02, 0.02, 0.02, 0.02, 
0.02, 0.02, 0.02, 0.02, 0.02, 0.05, 0.02, 0.34, 
0.02, 0.02, 0.02, 0.02, 0.02, 0.22, 0.44, 2.72, 
0.02, 0.02, 0.02, 0.02, 0.02, 1.23, 0.99, 3.02, 
0.02, 0.19, 0.02, 0.02, 0.02, 2.49, 1.67, 3.10, 
0.02, 1.07, 0.02, 0.02, 0.02, 2.85, 2.19, 3.13, 
0.02, 1.53, 0.02, 0.02, 0.10, 2.95, 2.39, 3.13, 
0.02, 1.91, 0.02, 0.02, 0.20, 2.98, 2.46, 3.13, 
0.02, 2.13, 0.02, 0.02, 0.43, 3.00, 2.38, 3.12, 
0.08, 2.27, 0.02, 0.02, 0.67, 3.00, 2.31, 3.11, 
0.46, 2.28, 0.02, 0.02, 0.44, 2.90, 2.39, 3.09, 
0.89, 2.49, 0.02, 0.02, 0.35, 2.91, 2.16, 3.05, 
1.58, 2.68, 0.02, 0.02, 0.68, 2.93, 1.81, 2.96, 
2.28, 2.79, 0.02, 0.02, 1.33, 2.91, 1.16, 2.80, 
2.64, 2.89, 0.38, 0.02, 1.72, 2.88, 0.51, 2.46, 
2.81, 2.95, 0.79, 0.02, 1.88, 2.84, 0.19, 1.94, 
2.99, 3.01, 1.14, 0.02, 1.69, 2.70, 0.05, 1.20, 
2.85, 2.92, 0.63, 0.02, 0.89, 1.90, 0.03, 0.81, 
1.89, 2.43, 0.24, 0.02, 0.39, 0.99, 0.02, 0.62, 
0.81, 1.47, 0.07, 0.02, 0.15, 0.46, 0.02, 0.57, 
0.33, 0.67, 0.03, 0.02, 0.04, 0.19, 0.02, 0.59, 
0.11, 0.29, 0.02, 0.02, 0.02, 0.06, 0.02, 0.60, 
0.03, 0.10, 0.02, 0.02, 0.02, 0.03, 0.02, 0.59, 
0.02, 0.03, 0.02, 0.02, 0.02, 0.02, 0.02, 0.58, 
0.02, 0.02, 0.02, 0.02, 0.02, 0.02, 0.02, 0.57, 
0.02, 0.02, 0.02, 0.02, 0.02, 0.02, 0.02, 0.54, 
0.02, 0.02, 0.02, 0.02, 0.02, 0.02, 0.02, 0.52, 
0.02, 0.02, 0.02, 0.02, 0.02, 0.02, 0.02, 0.52, 
0.02, 0.02, 0.02, 0.02, 0.02, 0.02, 0.02, 0.53, 
0.02, 0.02, 0.02, 0.02, 0.02, 0.02, 0.04, 1.46, 
0.02, 0.02, 0.02, 0.02, 0.02, 0.12, 0.75, 3.01, 
0.02, 0.53, 0.02, 0.02, 0.02, 1.52, 1.47, 3.09, 
0.02, 2.07, 0.02, 0.02, 0.24, 2.83, 2.12, 3.11, 
0.42, 2.75, 0.02, 0.02, 1.90, 3.02, 1.97, 3.06, 
1.85, 2.92, 0.02, 0.02, 2.61, 3.04, 1.38, 2.93, 
2.65, 2.97, 0.07, 0.02, 2.60, 2.97, 0.75, 2.69, 
2.93, 3.03, 0.74, 0.02, 2.53, 2.86, 0.31, 1.97, 
3.06, 3.08, 1.34, 0.02, 2.56, 2.74, 0.09, 1.20, 
3.11, 3.11, 1.66, 0.02, 2.54, 2.58, 0.03, 0.76, 
3.13, 3.12, 1.61, 0.02, 2.27, 2.20, 0.02, 0.59, 
3.14, 3.11, 1.28, 0.02, 1.50, 1.49, 0.02, 0.50, 
2.90, 2.86, 0.65, 0.02, 0.71, 0.76, 0.02, 0.23, 
1.60, 1.99, 0.36, 0.02, 0.32, 0.34, 0.02, 0.08, 
0.69, 0.93, 0.12, 0.02, 0.12, 0.13, 0.02, 0.17, 
0.27, 0.41, 0.03, 0.02, 0.04, 0.04, 0.02, 0.24, 
0.08, 0.16, 0.02, 0.02, 0.02, 0.03, 0.02, 0.16, 
0.03, 0.05, 0.02, 0.02, 0.02, 0.02, 0.02, 0.05, 
0.02, 0.02, 0.02, 0.02, 0.02, 0.02, 0.02, 0.02, 
0.02, 0.02, 0.02, 0.02, 0.02, 0.02, 0.02, 0.02, 
0.02, 0.02, 0.02, 0.02, 0.02, 0.02, 0.02, 0.02, 
0.02, 0.02, 0.02, 0.02, 0.02, 0.02, 0.02, 0.09, 
0.02, 0.02, 0.02, 0.02, 0.02, 0.03, 0.02, 0.41, 
0.02, 0.02, 0.02, 0.02, 0.02, 0.02, 0.04, 2.52, 
0.02, 0.07, 0.02, 0.02, 0.02, 0.71, 0.90, 3.07, 
0.02, 1.11, 0.02, 0.02, 0.02, 2.44, 1.43, 3.11, 
0.02, 1.59, 0.02, 0.02, 0.02, 2.85, 1.84, 3.12, 
0.23, 2.02, 0.02, 0.02, 0.02, 2.91, 1.80, 3.08, 
1.16, 2.51, 0.02, 0.02, 0.33, 2.93, 1.37, 3.01, 
2.34, 2.79, 0.05, 0.02, 0.97, 2.92, 0.86, 2.87, 
2.87, 2.97, 0.31, 0.02, 1.62, 2.89, 0.37, 2.47, 
3.05, 3.05, 0.94, 0.02, 2.16, 2.82, 0.12, 1.51, 
3.13, 3.11, 1.41, 0.02, 2.41, 2.65, 0.03, 0.93, 
3.15, 3.13, 1.39, 0.02, 2.13, 2.30, 0.02, 0.65, 
3.16, 3.13, 1.14, 0.02, 1.29, 1.64, 0.02, 0.50, 
3.16, 3.11, 0.76, 0.02, 0.60, 1.00, 0.02, 0.21, 
3.06, 2.97, 0.35, 0.02, 0.26, 0.46, 0.02, 0.07, 
2.44, 2.40, 0.35, 0.02, 0.09, 0.19, 0.02, 0.03, 
1.15, 1.37, 0.15, 0.02, 0.03, 0.07, 0.02, 0.02, 
0.49, 0.62, 0.04, 0.02, 0.02, 0.03, 0.02, 0.02, 
0.18, 0.26, 0.02, 0.02, 0.02, 0.02, 0.02, 0.02, 
0.05, 0.09, 0.02, 0.02, 0.02, 0.02, 0.02, 0.02, 
0.03, 0.03, 0.02, 0.02, 0.02, 0.02, 0.02, 0.02, 
0.02, 0.02, 0.02, 0.02, 0.02, 0.02, 0.02, 0.02, 
0.02, 0.02, 0.02, 0.02, 0.02, 0.02, 0.02, 0.02, 
0.02, 0.02, 0.02, 0.02, 0.02, 0.02, 0.02, 0.02, 
0.02, 0.02, 0.02, 0.02, 0.02, 0.02, 0.02, 0.02, 
0.02, 0.02, 0.02, 0.02, 0.02, 0.02, 0.02, 0.02, 
0.02, 0.02, 0.02, 0.02, 0.02, 0.03, 0.02, 0.41, 
0.02, 0.02, 0.02, 0.02, 0.02, 0.02, 0.20, 2.65, 
0.02, 0.02, 0.02, 0.02, 0.02, 0.35, 0.61, 2.93, 
0.02, 0.02, 0.02, 0.02, 0.02, 1.55, 1.20, 3.00, 
0.02, 0.36, 0.02, 0.02, 0.02, 2.21, 1.66, 3.03, 
0.02, 0.61, 0.02, 0.02, 0.02, 2.35, 1.97, 3.04, 
0.06, 1.20, 0.19, 0.02, 0.02, 2.51, 2.15, 3.04, 
0.98, 2.16, 0.45, 0.02, 0.02, 2.76, 1.92, 2.95, 
2.60, 2.77, 0.65, 0.02, 0.08, 2.81, 1.19, 2.70, 
2.94, 2.95, 1.20, 0.02, 0.12, 2.73, 0.52, 2.00, 
3.04, 3.02, 1.68, 0.02, 0.26, 2.57, 0.19, 1.25, 
3.08, 3.04, 2.07, 0.02, 0.45, 2.27, 0.05, 0.68, 
3.10, 3.05, 2.10, 0.02, 0.48, 2.00, 0.03, 0.42, 
3.05, 3.01, 1.58, 0.02, 0.30, 1.71, 0.02, 0.38, 
2.91, 2.71, 0.83, 0.02, 0.08, 0.95, 0.02, 0.33, 
2.42, 2.28, 0.36, 0.02, 0.03, 0.44, 0.02, 0.30, 
1.39, 1.59, 0.12, 0.02, 0.02, 0.18, 0.02, 0.41, 
0.60, 0.78, 0.03, 0.02, 0.02, 0.06, 0.02, 0.49, 
0.23, 0.34, 0.02, 0.02, 0.02, 0.03, 0.02, 0.54, 
0.07, 0.13, 0.02, 0.02, 0.02, 0.02, 0.02, 0.57, 
0.03, 0.04, 0.02, 0.02, 0.02, 0.02, 0.02, 0.59, 
0.02, 0.02, 0.02, 0.02, 0.02, 0.02, 0.02, 0.60, 
0.02, 0.02, 0.02, 0.02, 0.02, 0.02, 0.02, 0.62, 
0.02, 0.02, 0.02, 0.02, 0.02, 0.02, 0.02, 0.65, 
0.02, 0.02, 0.02, 0.02, 0.02, 0.02, 0.02, 0.67, 
0.02, 0.04, 0.02, 0.02, 0.02, 0.07, 0.02, 0.90, 
0.02, 0.96, 0.02, 0.02, 0.02, 1.02, 0.04, 2.52, 
0.02, 1.81, 0.02, 0.02, 0.02, 2.24, 0.57, 2.93, 
0.31, 2.07, 0.02, 0.02, 0.02, 2.65, 1.28, 3.05, 
0.72, 2.38, 0.02, 0.02, 0.02, 2.80, 1.53, 3.06, 
1.49, 2.53, 0.02, 0.02, 0.52, 2.90, 1.50, 3.01, 
2.09, 2.66, 0.02, 0.02, 0.98, 2.92, 1.13, 2.94, 
2.37, 2.73, 0.15, 0.02, 1.45, 2.92, 0.70, 2.85, 
2.37, 2.69, 0.33, 0.02, 1.58, 2.89, 0.39, 2.84, 
2.39, 2.66, 0.47, 0.02, 1.49, 2.89, 0.49, 2.88, 
2.48, 2.74, 0.52, 0.02, 1.52, 2.95, 0.62, 2.90, 
2.53, 2.79, 0.54, 0.02, 1.76, 2.97, 0.65, 2.89, 
2.52, 2.77, 0.54, 0.02, 1.83, 2.96, 0.46, 2.86, 
2.56, 2.79, 0.56, 0.02, 1.75, 2.93, 0.19, 2.83, 
2.55, 2.79, 0.58, 0.02, 1.81, 2.93, 0.05, 2.83, 
2.47, 2.77, 0.60, 0.02, 1.76, 2.93, 0.21, 2.86, 
2.34, 2.74, 0.55, 0.02, 1.68, 2.94, 0.66, 2.89, 
2.09, 2.66, 0.50, 0.02, 1.47, 2.95, 0.75, 2.93, 
1.82, 2.58, 0.46, 0.02, 1.17, 2.93, 0.81, 2.95, 
1.68, 2.53, 0.42, 0.02, 0.71, 2.91, 1.00, 2.96, 
1.68, 2.52, 0.40, 0.02, 0.39, 2.89, 1.05, 2.94, 
1.40, 2.49, 0.24, 0.02, 0.19, 2.87, 1.03, 2.94, 
1.16, 2.44, 0.06, 0.02, 0.05, 2.85, 1.19, 2.96, 
1.07, 2.41, 0.02, 0.02, 0.03, 2.83, 1.27, 2.94, 
1.05, 2.36, 0.02, 0.02, 0.02, 2.75, 1.02, 2.87, 
0.94, 2.28, 0.02, 0.02, 0.02, 2.63, 0.61, 2.74, 
0.47, 2.02, 0.02, 0.02, 0.02, 2.33, 0.23, 2.36, 
0.17, 1.32, 0.02, 0.02, 0.02, 1.75, 0.06, 1.44, 
0.05, 0.60, 0.02, 0.02, 0.02, 0.84, 0.03, 1.05, 
0.03, 0.26, 0.02, 0.02, 0.02, 0.39, 0.02, 0.85, 
0.02, 0.09, 0.02, 0.02, 0.02, 0.16, 0.02, 0.74, 
0.02, 0.08, 0.02, 0.02, 0.02, 0.42, 0.09, 2.51, 
0.02, 1.10, 0.02, 0.02, 0.02, 1.54, 0.64, 2.93, 
1.10, 2.21, 0.02, 0.02, 0.02, 2.59, 1.00, 2.95, 
2.27, 2.69, 0.02, 0.02, 0.48, 2.86, 0.99, 2.93, 
2.52, 2.81, 0.02, 0.02, 1.35, 2.95, 0.86, 2.92, 
2.50, 2.80, 0.02, 0.02, 1.73, 2.97, 0.79, 2.93, 
2.36, 2.75, 0.02, 0.02, 1.64, 2.97, 0.90, 2.96, 
1.94, 2.58, 0.02, 0.02, 1.29, 2.94, 1.12, 3.00, 
1.22, 2.35, 0.02, 0.02, 0.67, 2.85, 1.14, 2.96, 
0.52, 1.86, 0.02, 0.02, 0.28, 2.60, 0.60, 2.57, 
0.19, 1.09, 0.02, 0.02, 0.09, 1.70, 0.22, 1.53, 
0.05, 0.49, 0.02, 0.02, 0.03, 0.79, 0.06, 1.06, 
0.03, 0.20, 0.02, 0.02, 0.02, 0.36, 0.03, 0.83, 
0.02, 0.07, 0.02, 0.02, 0.02, 0.14, 0.02, 0.72, 
0.02, 0.03, 0.02, 0.02, 0.02, 0.05, 0.02, 0.67, 
0.02, 0.02, 0.02, 0.02, 0.02, 0.03, 0.02, 0.64, 
0.02, 0.02, 0.02, 0.02, 0.02, 0.02, 0.02, 0.73, 
0.02, 0.48, 0.02, 0.02, 0.02, 0.76, 0.12, 2.48, 
0.02, 1.60, 0.02, 0.02, 0.02, 2.13, 0.36, 2.88, 
0.02, 2.15, 0.02, 0.02, 0.05, 2.78, 0.73, 3.01, 
0.02, 2.43, 0.02, 0.02, 0.98, 2.94, 0.96, 3.05, 
0.02, 2.68, 0.02, 0.02, 2.40, 3.03, 0.90, 3.04, 
0.02, 2.76, 0.02, 0.02, 2.92, 3.08, 0.54, 3.03, 
0.02, 2.74, 0.02, 0.02, 3.02, 3.10, 0.19, 3.02, 
0.02, 2.70, 0.02, 0.02, 3.07, 3.11, 0.04, 3.00, 
0.02, 2.73, 0.02, 0.02, 3.09, 3.11, 0.02, 2.98, 
0.02, 2.74, 0.02, 0.02, 3.08, 3.11, 0.02, 3.00, 
0.02, 2.76, 0.02, 0.02, 3.08, 3.11, 0.02, 3.00, 
0.02, 2.86, 0.02, 0.02, 3.08, 3.11, 0.02, 2.94, 
0.02, 2.99, 0.02, 0.02, 3.08, 3.11, 0.02, 2.88, 
0.72, 3.00, 0.02, 0.02, 3.02, 3.09, 0.02, 2.86, 
1.51, 2.97, 0.02, 0.02, 2.93, 3.07, 0.02, 2.83, 
1.12, 2.70, 0.09, 0.02, 2.57, 3.02, 0.02, 2.86, 
1.13, 2.12, 0.30, 0.02, 1.42, 2.82, 0.17, 2.86, 
1.03, 1.36, 0.44, 0.02, 0.68, 2.40, 0.41, 2.92, 
0.90, 0.62, 0.36, 0.02, 0.30, 1.66, 0.99, 2.96, 
0.69, 0.26, 0.23, 0.02, 0.11, 0.98, 1.34, 2.94, 
0.30, 0.08, 0.16, 0.02, 0.04, 0.45, 1.09, 2.87, 
0.09, 0.03, 0.07, 0.02, 0.02, 0.18, 0.78, 2.68, 
0.03, 0.02, 0.02, 0.02, 0.02, 0.06, 0.54, 2.56, 
0.02, 0.02, 0.02, 0.02, 0.02, 0.03, 0.44, 2.51, 
0.02, 0.02, 0.02, 0.02, 0.02, 0.02, 0.42, 2.51, 
0.02, 0.02, 0.02, 0.02, 0.02, 0.02, 0.47, 2.54, 
0.02, 0.02, 0.02, 0.02, 0.02, 0.02, 0.70, 2.67, 
0.02, 0.02, 0.02, 0.02, 0.02, 0.02, 1.04, 2.89, 
0.02, 0.02, 0.02, 0.02, 0.02, 0.02, 1.39, 2.96, 
0.02, 0.02, 0.02, 0.02, 0.02, 0.02, 1.66, 3.03, 
0.02, 0.02, 0.02, 0.02, 0.02, 0.18, 1.86, 3.09, 
0.02, 0.02, 0.02, 0.02, 0.02, 1.05, 2.13, 3.12, 
0.02, 0.02, 0.02, 0.02, 0.02, 1.55, 2.41, 3.15, 
0.02, 0.02, 0.02, 0.02, 0.02, 1.92, 2.60, 3.16, 
0.02, 0.02, 0.02, 0.02, 0.02, 2.03, 2.75, 3.17, 
0.02, 0.02, 0.02, 0.02, 0.02, 2.06, 2.77, 3.17, 
0.02, 0.02, 0.02, 0.02, 0.02, 2.21, 2.76, 3.16, 
0.02, 0.02, 0.02, 0.02, 0.02, 2.49, 2.74, 3.16, 
0.02, 0.36, 0.02, 0.02, 0.02, 2.79, 2.63, 3.15, 
0.02, 1.52, 0.02, 0.02, 0.07, 3.01, 2.44, 3.14, 
0.10, 2.39, 0.02, 0.02, 1.36, 3.07, 2.05, 3.09, 
1.46, 2.87, 0.02, 0.02, 2.65, 3.08, 1.38, 2.94, 
2.65, 3.00, 0.02, 0.02, 2.90, 3.07, 0.63, 2.60, 
2.98, 3.05, 0.41, 0.02, 2.86, 3.00, 0.25, 1.63, 
3.10, 3.11, 1.16, 0.31, 2.83, 2.87, 0.07, 0.99, 
3.13, 3.13, 1.43, 0.42, 2.68, 2.62, 0.03, 0.70, 
3.14, 3.12, 1.40, 0.11, 2.07, 2.18, 0.02, 0.59, 
3.15, 3.09, 1.37, 0.03, 1.12, 1.47, 0.02, 0.53, 
3.15, 3.08, 1.35, 0.02, 0.53, 0.83, 0.02, 0.50, 
3.15, 3.07, 1.35, 0.02, 0.23, 0.38, 0.02, 0.50, 
3.15, 3.10, 1.40, 0.02, 0.08, 0.20, 0.02, 0.48, 
3.14, 3.11, 2.08, 0.05, 0.06, 0.56, 0.02, 0.51, 
2.93, 2.98, 1.87, 0.14, 0.98, 1.57, 0.02, 0.55, 
2.58, 2.73, 1.29, 0.03, 1.55, 2.73, 0.08, 2.34, 
2.05, 2.52, 0.67, 0.02, 1.17, 2.85, 0.67, 2.92, 
1.70, 2.44, 0.29, 0.02, 0.60, 2.87, 1.26, 3.02, 
1.51, 2.40, 0.09, 0.02, 0.32, 2.89, 1.41, 3.03, 
1.45, 2.29, 0.03, 0.02, 0.17, 2.87, 1.27, 2.96, 
1.22, 2.11, 0.02, 0.02, 0.04, 2.78, 0.76, 2.70, 
0.85, 1.79, 0.02, 0.02, 0.03, 2.14, 0.30, 1.66, 
0.35, 0.92, 0.02, 0.02, 0.02, 0.99, 0.09, 1.12, 
0.12, 0.42, 0.02, 0.02, 0.02, 0.46, 0.03, 0.89, 
0.04, 0.16, 0.02, 0.02, 0.02, 0.19, 0.02, 0.79, 
0.02, 0.05, 0.02, 0.02, 0.02, 0.07, 0.02, 0.75, 
0.02, 0.03, 0.02, 0.02, 0.02, 0.03, 0.02, 0.73, 
0.02, 0.02, 0.02, 0.02, 0.02, 0.02, 0.02, 0.72, 
0.02, 0.02, 0.02, 0.02, 0.02, 0.02, 0.02, 0.71, 
0.02, 0.02, 0.02, 0.02, 0.02, 0.02, 0.02, 0.71, 
0.02, 0.44, 0.02, 0.02, 0.02, 0.35, 0.68, 3.00, 
0.02, 1.74, 0.02, 0.02, 0.07, 2.62, 1.42, 3.11, 
0.21, 2.19, 0.02, 0.02, 0.21, 2.94, 1.85, 3.12, 
0.75, 2.54, 0.02, 0.02, 0.76, 2.98, 1.79, 3.08, 
2.03, 2.80, 0.02, 0.02, 1.29, 2.99, 1.30, 3.01, 
2.61, 2.93, 0.02, 0.02, 1.92, 3.00, 0.80, 2.92, 
2.83, 3.00, 0.02, 0.02, 2.49, 3.01, 0.32, 2.74, 
2.93, 3.05, 0.03, 0.02, 2.72, 3.00, 0.10, 2.18, 
2.97, 3.07, 0.39, 0.02, 2.81, 2.99, 0.03, 1.50, 
2.94, 3.06, 0.48, 0.02, 2.85, 2.99, 0.02, 1.19, 
2.86, 3.04, 0.17, 0.02, 2.83, 3.00, 0.02, 1.08, 
2.37, 2.91, 0.04, 0.02, 2.19, 2.61, 0.02, 0.78, 
1.07, 2.06, 0.02, 0.02, 1.02, 1.42, 0.02, 0.62, 
0.45, 1.00, 0.02, 0.02, 0.49, 0.67, 0.02, 0.60, 
0.17, 0.45, 0.02, 0.02, 0.21, 0.30, 0.02, 0.58, 
0.05, 0.18, 0.02, 0.02, 0.07, 0.11, 0.02, 0.57, 
0.03, 0.06, 0.02, 0.02, 0.03, 0.04, 0.02, 0.55, 
0.02, 0.03, 0.02, 0.02, 0.02, 0.03, 0.02, 0.53, 
0.02, 0.02, 0.02, 0.02, 0.02, 0.02, 0.02, 0.51, 
0.02, 0.02, 0.02, 0.02, 0.02, 0.02, 0.02, 0.50, 
0.02, 0.02, 0.02, 0.02, 0.02, 0.02, 0.02, 0.50, 
0.02, 0.02, 0.02, 0.02, 0.02, 0.02, 0.02, 0.51, 
0.02, 0.02, 0.02, 0.02, 0.02, 0.02, 0.02, 0.54, 
0.02, 0.02, 0.02, 0.02, 0.02, 0.02, 0.11, 2.11, 
0.02, 0.57, 0.02, 0.02, 0.02, 0.85, 1.03, 3.04, 
0.02, 1.61, 0.02, 0.02, 0.02, 2.71, 1.57, 3.11, 
0.02, 2.09, 0.02, 0.02, 0.33, 2.97, 1.86, 3.12, 
0.18, 2.30, 0.02, 0.02, 0.95, 3.02, 1.90, 3.11, 
0.59, 2.54, 0.02, 0.02, 1.26, 3.02, 1.81, 3.09, 
1.56, 2.80, 0.02, 0.02, 1.85, 3.04, 1.45, 3.02, 
2.53, 2.96, 0.02, 0.02, 2.60, 3.06, 0.82, 2.88, 
2.82, 3.03, 0.02, 0.02, 2.83, 3.06, 0.34, 2.57, 
2.94, 3.06, 0.02, 0.02, 2.90, 3.04, 0.10, 1.69, 
3.00, 3.09, 0.29, 0.02, 2.93, 3.02, 0.03, 1.10, 
3.04, 3.12, 0.69, 0.20, 2.97, 2.99, 0.02, 0.73, 
3.02, 3.12, 0.60, 0.26, 2.94, 2.86, 0.02, 0.53, 
2.82, 3.02, 0.21, 0.05, 2.26, 2.28, 0.02, 0.44, 
1.60, 2.41, 0.05, 0.02, 1.07, 1.16, 0.02, 0.18, 
0.69, 1.29, 0.02, 0.02, 0.51, 0.54, 0.02, 0.06, 
0.28, 0.59, 0.02, 0.02, 0.23, 0.24, 0.02, 0.03, 
0.09, 0.25, 0.02, 0.02, 0.08, 0.08, 0.02, 0.02, 
0.03, 0.09, 0.02, 0.02, 0.03, 0.03, 0.02, 0.02, 
0.02, 0.03, 0.02, 0.02, 0.02, 0.02, 0.02, 0.02, 
0.02, 0.02, 0.02, 0.02, 0.02, 0.02, 0.02, 0.02, 
0.02, 0.02, 0.02, 0.02, 0.02, 0.02, 0.02, 0.02, 
0.02, 0.02, 0.02, 0.02, 0.02, 0.02, 0.02, 0.02, 
0.02, 0.02, 0.02, 0.02, 0.02, 0.02, 0.02, 0.23, 
0.02, 0.02, 0.02, 0.02, 0.02, 0.02, 0.09, 1.18, 
0.02, 0.13, 0.02, 0.02, 0.02, 0.50, 0.41, 2.74, 
0.02, 0.81, 0.02, 0.02, 0.02, 1.56, 0.84, 2.96, 
0.02, 1.44, 0.02, 0.02, 0.02, 2.35, 1.60, 3.05, 
0.23, 1.83, 0.02, 0.02, 0.02, 2.75, 1.89, 3.07, 
1.15, 2.23, 0.02, 0.02, 0.02, 2.87, 1.81, 2.98, 
2.09, 2.47, 0.02, 0.02, 0.02, 2.86, 1.26, 2.88, 
2.43, 2.59, 0.09, 0.02, 0.09, 2.89, 0.70, 2.83, 
2.65, 2.71, 0.30, 0.02, 0.57, 2.89, 0.28, 2.66, 
2.79, 2.78, 0.62, 0.02, 0.86, 2.85, 0.08, 2.29, 
2.86, 2.84, 1.06, 0.02, 1.06, 2.83, 0.03, 1.74, 
2.93, 2.88, 1.39, 0.02, 1.32, 2.80, 0.07, 1.28, 
2.97, 2.88, 1.34, 0.02, 1.04, 2.59, 0.03, 0.91, 
2.81, 2.61, 0.67, 0.02, 0.45, 1.52, 0.02, 0.66, 
1.66, 1.94, 0.27, 0.02, 0.17, 0.71, 0.02, 0.62, 
0.71, 0.92, 0.08, 0.02, 0.05, 0.32, 0.02, 0.65, 
0.28, 0.41, 0.03, 0.02, 0.02, 0.12, 0.02, 0.67, 
0.09, 0.16, 0.02, 0.02, 0.02, 0.04, 0.02, 0.68, 
0.03, 0.05, 0.02, 0.02, 0.02, 0.03, 0.02, 0.69, 
0.02, 0.02, 0.02, 0.02, 0.02, 0.02, 0.02, 0.69, 
0.02, 0.02, 0.02, 0.02, 0.02, 0.02, 0.02, 0.69, 
0.02, 0.02, 0.02, 0.02, 0.02, 0.02, 0.02, 0.68, 
0.02, 0.02, 0.02, 0.02, 0.02, 0.02, 0.02, 0.65, 
0.02, 0.02, 0.02, 0.02, 0.02, 0.02, 0.02, 0.63, 
0.02, 0.02, 0.02, 0.02, 0.02, 0.02, 0.02, 0.61, 
0.02, 0.02, 0.02, 0.02, 0.02, 0.02, 0.02, 1.21, 
0.02, 0.02, 0.02, 0.02, 0.02, 0.63, 0.37, 2.74, 
0.02, 0.28, 0.02, 0.02, 0.02, 1.54, 0.66, 2.86, 
0.02, 1.15, 0.02, 0.02, 0.02, 1.99, 0.77, 2.92, 
0.47, 1.87, 0.02, 0.02, 0.02, 2.45, 0.72, 2.94, 
0.91, 2.21, 0.02, 0.02, 0.02, 2.67, 0.84, 2.99, 
1.58, 2.40, 0.02, 0.02, 0.02, 2.81, 1.00, 3.02, 
2.00, 2.49, 0.02, 0.02, 0.17, 2.90, 1.06, 3.01, 
2.09, 2.49, 0.02, 0.02, 0.42, 2.92, 1.03, 3.02, 
2.09, 2.47, 0.02, 0.02, 0.45, 2.94, 1.21, 3.04, 
2.20, 2.46, 0.02, 0.02, 0.47, 2.95, 1.33, 3.05, 
2.26, 2.49, 0.02, 0.02, 0.56, 2.96, 1.26, 3.04, 
2.22, 2.55, 0.02, 0.02, 0.70, 2.97, 1.15, 3.02, 
2.22, 2.64, 0.02, 0.02, 0.86, 2.97, 1.06, 3.01, 
2.28, 2.71, 0.02, 0.02, 0.99, 2.97, 1.02, 2.98, 
2.46, 2.75, 0.02, 0.02, 1.06, 2.94, 0.72, 2.85, 
2.68, 2.81, 0.02, 0.02, 0.86, 2.79, 0.27, 2.23, 
2.82, 2.88, 0.02, 0.02, 0.44, 2.56, 0.07, 1.40, 
2.80, 2.87, 0.02, 0.02, 0.20, 1.94, 0.03, 0.92, 
2.63, 2.69, 0.02, 0.02, 0.05, 1.06, 0.02, 0.71, 
1.52, 2.18, 0.02, 0.02, 0.02, 0.50, 0.02, 0.62, 
0.66, 1.36, 0.02, 0.02, 0.02, 0.22, 0.02, 0.61, 
0.26, 0.62, 0.02, 0.02, 0.02, 0.08, 0.02, 0.61, 
0.08, 0.27, 0.02, 0.02, 0.02, 0.03, 0.02, 0.63, 
0.03, 0.09, 0.02, 0.02, 0.02, 0.02, 0.02, 0.64, 
0.02, 0.03, 0.02, 0.02, 0.02, 0.02, 0.02, 0.66, 
0.02, 0.02, 0.02, 0.02, 0.02, 0.02, 0.02, 0.69, 
0.02, 0.02, 0.02, 0.02, 0.02, 0.13, 0.02, 0.80, 
0.02, 0.02, 0.02, 0.02, 0.02, 0.45, 0.02, 1.08, 
0.02, 0.07, 0.02, 0.02, 0.02, 0.94, 0.02, 1.92, 
0.02, 0.74, 0.02, 0.02, 0.02, 1.56, 0.02, 2.51, 
0.02, 1.47, 0.02, 0.02, 0.02, 2.12, 0.12, 2.74, 
0.02, 1.86, 0.02, 0.02, 0.02, 2.49, 0.33, 2.88, 
0.31, 2.18, 0.02, 0.02, 0.02, 2.68, 0.42, 2.93, 
0.78, 2.39, 0.02, 0.02, 0.02, 2.79, 0.57, 2.95, 
1.25, 2.54, 0.02, 0.02, 0.21, 2.83, 0.71, 2.95, 
1.66, 2.59, 0.02, 0.02, 0.54, 2.86, 0.76, 2.95, 
1.84, 2.61, 0.02, 0.02, 0.81, 2.87, 0.77, 2.94, 
1.90, 2.62, 0.02, 0.02, 0.88, 2.87, 0.77, 2.94, 
1.90, 2.62, 0.02, 0.02, 0.71, 2.87, 0.77, 2.95, 
1.87, 2.62, 0.02, 0.02, 0.61, 2.88, 0.79, 2.96, 
1.87, 2.64, 0.02, 0.02, 0.61, 2.89, 0.83, 2.97, 
1.90, 2.67, 0.02, 0.02, 0.83, 2.91, 0.86, 2.97, 
1.95, 2.71, 0.02, 0.02, 1.00, 2.92, 0.87, 2.96, 
2.07, 2.76, 0.02, 0.02, 1.11, 2.93, 0.84, 2.94, 
2.29, 2.81, 0.02, 0.02, 1.37, 2.95, 0.76, 2.92, 
2.46, 2.85, 0.02, 0.02, 1.64, 2.96, 0.31, 2.90, 
2.55, 2.88, 0.02, 0.02, 1.81, 2.97, 0.09, 2.88, 
2.60, 2.89, 0.02, 0.02, 1.90, 2.97, 0.03, 2.86, 
2.63, 2.89, 0.02, 0.02, 1.93, 2.98, 0.02, 2.86, 
2.63, 2.87, 0.02, 0.02, 1.94, 2.98, 0.02, 2.86, 
2.60, 2.86, 0.02, 0.02, 1.93, 2.98, 0.02, 2.88, 
2.55, 2.83, 0.02, 0.02, 1.89, 2.97, 0.02, 2.90, 
2.49, 2.82, 0.02, 0.02, 1.83, 2.97, 0.07, 2.92, 
2.41, 2.81, 0.02, 0.02, 1.70, 2.97, 0.33, 2.93, 
2.38, 2.81, 0.02, 0.02, 1.56, 2.96, 0.49, 2.93, 
2.37, 2.81, 0.02, 0.02, 1.51, 2.96, 0.63, 2.93, 
2.37, 2.81, 0.02, 0.02, 1.49, 2.96, 0.70, 2.93, 
2.37, 2.81, 0.02, 0.02, 1.49, 2.96, 0.74, 2.93, 
2.37, 2.81, 0.02, 0.02, 1.49, 2.96, 0.77, 2.93, 
2.37, 2.81, 0.02, 0.02, 1.49, 2.96, 0.78, 2.93, 
2.37, 2.82, 0.02, 0.02, 1.49, 2.96, 0.78, 2.93, 
2.39, 2.82, 0.02, 0.02, 1.52, 2.96, 0.78, 2.93, 
2.46, 2.83, 0.02, 0.02, 1.58, 2.97, 0.74, 2.92, 
2.53, 2.84, 0.02, 0.02, 1.68, 2.97, 0.36, 2.91, 
2.57, 2.86, 0.02, 0.02, 1.78, 2.97, 0.11, 2.89, 
2.58, 2.87, 0.02, 0.02, 1.83, 2.97, 0.03, 2.88, 
2.59, 2.88, 0.02, 0.02, 1.85, 2.97, 0.02, 2.88, 
2.59, 2.88, 0.02, 0.02, 1.86, 2.97, 0.02, 2.88, 
2.60, 2.88, 0.02, 0.02, 1.87, 2.97, 0.02, 2.88, 
2.60, 2.88, 0.02, 0.02, 1.87, 2.97, 0.02, 2.88, 
2.60, 2.88, 0.02, 0.02, 1.87, 2.97, 0.02, 2.88, 
2.61, 2.88, 0.02, 0.02, 1.87, 2.97, 0.02, 2.86, 
2.63, 2.89, 0.02, 0.02, 1.87, 2.96, 0.02, 2.85, 
2.65, 2.89, 0.02, 0.02, 1.88, 2.96, 0.02, 2.80, 
2.66, 2.90, 0.02, 0.02, 1.89, 2.95, 0.02, 2.78, 
2.66, 2.90, 0.02, 0.02, 1.89, 2.95, 0.02, 2.77, 
2.66, 2.90, 0.02, 0.02, 1.90, 2.95, 0.02, 2.77, 
2.66, 2.90, 0.02, 0.02, 1.90, 2.95, 0.02, 2.77, 
2.66, 2.90, 0.02, 0.02, 1.89, 2.95, 0.02, 2.77, 
2.66, 2.90, 0.02, 0.02, 1.89, 2.95, 0.02, 2.78, 
2.66, 2.90, 0.02, 0.02, 1.88, 2.95, 0.02, 2.79, 
2.65, 2.89, 0.02, 0.02, 1.88, 2.95, 0.02, 2.82, 
2.65, 2.89, 0.02, 0.02, 1.88, 2.95, 0.02, 2.82, 
2.65, 2.89, 0.02, 0.02, 1.88, 2.95, 0.02, 2.83, 
2.65, 2.89, 0.02, 0.02, 1.88, 2.95, 0.02, 2.83, 
2.65, 2.89, 0.02, 0.02, 1.88, 2.95, 0.02, 2.83, 
2.66, 2.90, 0.02, 0.02, 1.88, 2.95, 0.02, 2.82, 
2.66, 2.90, 0.02, 0.02, 1.88, 2.95, 0.02, 2.80, 
2.67, 2.90, 0.02, 0.02, 1.88, 2.95, 0.02, 2.78, 
2.67, 2.90, 0.02, 0.02, 1.89, 2.95, 0.02, 2.77, 
2.67, 2.90, 0.02, 0.02, 1.89, 2.95, 0.02, 2.76, 
2.67, 2.90, 0.02, 0.02, 1.89, 2.94, 0.02, 2.76, 
2.67, 2.90, 0.02, 0.02, 1.89, 2.94, 0.02, 2.77, 
2.67, 2.90, 0.02, 0.02, 1.88, 2.94, 0.02, 2.78, 
2.66, 2.90, 0.02, 0.02, 1.88, 2.94, 0.02, 2.79, 
2.65, 2.89, 0.02, 0.02, 1.86, 2.94, 0.02, 2.83, 
2.63, 2.89, 0.02, 0.02, 1.86, 2.95, 0.02, 2.84, 
2.63, 2.89, 0.02, 0.02, 1.86, 2.95, 0.02, 2.84, 
2.63, 2.89, 0.02, 0.02, 1.86, 2.95, 0.02, 2.85, 
2.63, 2.89, 0.02, 0.02, 1.86, 2.95, 0.02, 2.85, 
2.62, 2.88, 0.02, 0.02, 1.87, 2.95, 0.02, 2.85, 
2.61, 2.88, 0.02, 0.02, 1.85, 2.95, 0.02, 2.86, 
2.60, 2.87, 0.02, 0.02, 1.84, 2.95, 0.02, 2.86, 
2.58, 2.84, 0.02, 0.02, 1.78, 2.95, 0.02, 2.86, 
2.59, 2.82, 0.02, 0.02, 1.63, 2.94, 0.02, 2.86, 
2.59, 2.80, 0.02, 0.02, 1.54, 2.94, 0.02, 2.86, 
2.61, 2.79, 0.02, 0.02, 1.52, 2.94, 0.02, 2.86, 
2.61, 2.78, 0.02, 0.02, 1.51, 2.94, 0.02, 2.87, 
2.60, 2.81, 0.02, 0.02, 1.60, 2.95, 0.02, 2.88, 
2.58, 2.86, 0.02, 0.02, 1.82, 2.97, 0.08, 2.90, 
2.54, 2.88, 0.02, 0.02, 1.96, 2.98, 0.05, 2.91, 
2.42, 2.89, 0.02, 0.02, 2.21, 3.00, 0.14, 2.92, 
2.27, 2.89, 0.02, 0.02, 2.41, 3.01, 0.07, 2.93, 
2.10, 2.88, 0.02, 0.02, 2.55, 3.03, 0.03, 2.94, 
2.00, 2.88, 0.02, 0.02, 2.66, 3.04, 0.02, 2.94, 
1.92, 2.88, 0.02, 0.02, 2.73, 3.05, 0.02, 2.93, 
1.89, 2.90, 0.02, 0.02, 2.82, 3.06, 0.02, 2.93, 
1.90, 2.93, 0.02, 0.02, 2.87, 3.07, 0.02, 2.90, 
1.96, 2.95, 0.02, 0.02, 2.92, 3.07, 0.02, 2.89, 
2.03, 2.97, 0.02, 0.02, 2.95, 3.08, 0.02, 2.88, 
2.12, 2.98, 0.02, 0.02, 2.97, 3.09, 0.02, 2.87, 
2.20, 3.00, 0.02, 0.02, 2.98, 3.09, 0.02, 2.85, 
2.27, 3.00, 0.02, 0.02, 2.98, 3.09, 0.02, 2.84, 
2.29, 3.00, 0.02, 0.02, 2.98, 3.09, 0.02, 2.83, 
2.26, 3.00, 0.02, 0.02, 2.97, 3.08, 0.02, 2.85, 
2.24, 2.98, 0.02, 0.02, 2.97, 3.09, 0.02, 2.88, 
2.21, 2.97, 0.02, 0.02, 2.96, 3.09, 0.02, 2.91, 
2.17, 2.97, 0.02, 0.02, 2.94, 3.09, 0.02, 2.92, 
2.17, 2.97, 0.02, 0.02, 2.92, 3.08, 0.02, 2.92, 
2.16, 2.97, 0.02, 0.02, 2.92, 3.08, 0.02, 2.92, 
2.15, 2.96, 0.02, 0.02, 2.91, 3.08, 0.02, 2.92, 
2.14, 2.96, 0.02, 0.02, 2.91, 3.08, 0.02, 2.92, 
2.14, 2.97, 0.02, 0.02, 2.90, 3.08, 0.02, 2.92, 
2.15, 2.97, 0.02, 0.02, 2.90, 3.08, 0.02, 2.91, 
2.17, 2.97, 0.02, 0.02, 2.90, 3.08, 0.02, 2.90, 
2.19, 2.97, 0.02, 0.02, 2.90, 3.08, 0.02, 2.89, 
2.21, 2.97, 0.02, 0.02, 2.89, 3.07, 0.02, 2.89, 
2.23, 2.97, 0.02, 0.02, 2.89, 3.07, 0.02, 2.89, 
2.31, 2.97, 0.02, 0.02, 2.87, 3.07, 0.02, 2.89, 
2.44, 2.97, 0.02, 0.02, 2.86, 3.07, 0.02, 2.88, 
2.49, 2.97, 0.02, 0.02, 2.84, 3.06, 0.02, 2.88, 
2.52, 2.97, 0.02, 0.02, 2.81, 3.06, 0.02, 2.87, 
2.52, 2.97, 0.02, 0.02, 2.78, 3.05, 0.02, 2.85, 
2.54, 2.97, 0.02, 0.02, 2.76, 3.04, 0.02, 2.83, 
2.57, 2.99, 0.02, 0.02, 2.74, 3.04, 0.02, 2.81, 
2.63, 2.99, 0.02, 0.02, 2.72, 3.03, 0.02, 2.80, 
2.66, 3.00, 0.02, 0.02, 2.72, 3.03, 0.02, 2.80, 
2.66, 2.99, 0.02, 0.02, 2.70, 3.02, 0.02, 2.80, 
2.65, 2.99, 0.02, 0.02, 2.66, 3.02, 0.02, 2.80, 
2.62, 2.98, 0.02, 0.02, 2.61, 3.01, 0.02, 2.82, 
2.59, 2.97, 0.02, 0.02, 2.57, 3.01, 0.02, 2.83, 
2.56, 2.96, 0.02, 0.02, 2.50, 3.00, 0.02, 2.85, 
2.54, 2.95, 0.02, 0.02, 2.43, 2.99, 0.02, 2.85, 
2.52, 2.94, 0.02, 0.02, 2.34, 2.98, 0.02, 2.86, 
2.48, 2.93, 0.02, 0.02, 2.27, 2.98, 0.02, 2.87, 
2.47, 2.93, 0.02, 0.02, 2.23, 2.97, 0.02, 2.88, 
2.50, 2.93, 0.02, 0.02, 2.21, 2.97, 0.02, 2.87, 
2.56, 2.94, 0.02, 0.02, 2.22, 2.97, 0.02, 2.83, 
2.60, 2.95, 0.02, 0.02, 2.25, 2.97, 0.02, 2.78, 
2.62, 2.95, 0.02, 0.02, 2.26, 2.96, 0.02, 2.75, 
2.63, 2.95, 0.02, 0.02, 2.26, 2.96, 0.02, 2.75, 
2.63, 2.95, 0.02, 0.02, 2.26, 2.96, 0.02, 2.75, 
2.63, 2.95, 0.02, 0.02, 2.25, 2.96, 0.02, 2.73, 
2.62, 2.95, 0.02, 0.02, 2.24, 2.95, 0.02, 2.75, 
2.61, 2.95, 0.02, 0.02, 2.22, 2.95, 0.02, 2.76, 
2.60, 2.94, 0.02, 0.02, 2.21, 2.96, 0.02, 2.79, 
2.58, 2.94, 0.02, 0.02, 2.21, 2.96, 0.02, 2.82, 
2.58, 2.94, 0.02, 0.02, 2.21, 2.96, 0.02, 2.82, 
2.58, 2.94, 0.02, 0.02, 2.21, 2.96, 0.02, 2.81, 
2.58, 2.94, 0.02, 0.02, 2.21, 2.96, 0.02, 2.81, 
2.58, 2.94, 0.02, 0.02, 2.19, 2.96, 0.02, 2.80, 
2.58, 2.94, 0.02, 0.02, 2.19, 2.96, 0.02, 2.79, 
2.58, 2.94, 0.02, 0.02, 2.19, 2.96, 0.02, 2.78, 
2.58, 2.94, 0.02, 0.02, 2.18, 2.95, 0.02, 2.78, 
2.58, 2.94, 0.02, 0.02, 2.22, 2.96, 0.02, 2.78, 
2.59, 2.95, 0.02, 0.02, 2.28, 2.97, 0.02, 2.78, 
2.58, 2.95, 0.02, 0.02, 2.37, 2.97, 0.02, 2.77, 
2.58, 2.95, 0.02, 0.02, 2.42, 2.98, 0.02, 2.76, 
2.56, 2.95, 0.02, 0.02, 2.47, 2.99, 0.02, 2.75, 
2.48, 2.95, 0.02, 0.02, 2.54, 2.99, 0.02, 2.75, 
2.26, 2.93, 0.02, 0.02, 2.59, 2.99, 0.02, 2.75, 
2.04, 2.91, 0.02, 0.02, 2.60, 2.99, 0.02, 2.78, 
1.93, 2.91, 0.02, 0.02, 2.62, 2.99, 0.02, 2.79, 
1.90, 2.91, 0.02, 0.02, 2.65, 2.99, 0.02, 2.77, 
1.90, 2.91, 0.02, 0.02, 2.65, 2.99, 0.02, 2.76, 
1.95, 2.91, 0.02, 0.02, 2.66, 2.99, 0.02, 2.75, 
1.98, 2.92, 0.02, 0.02, 2.66, 2.99, 0.02, 2.74, 
2.00, 2.92, 0.02, 0.02, 2.66, 2.99, 0.02, 2.74, 
2.01, 2.92, 0.02, 0.02, 2.66, 2.99, 0.02, 2.74, 
2.01, 2.93, 0.02, 0.02, 2.66, 2.99, 0.02, 2.74, 
2.01, 2.93, 0.02, 0.02, 2.66, 3.00, 0.02, 2.75, 
2.00, 2.92, 0.02, 0.02, 2.66, 3.00, 0.02, 2.76, 
2.00, 2.92, 0.02, 0.02, 2.66, 3.00, 0.02, 2.77, 
1.99, 2.92, 0.02, 0.02, 2.67, 3.00, 0.02, 2.78, 
1.83, 2.92, 0.02, 0.02, 2.69, 3.00, 0.02, 2.79, 
1.46, 2.90, 0.02, 0.02, 2.73, 3.01, 0.02, 2.78, 
1.14, 2.88, 0.02, 0.02, 2.74, 3.01, 0.02, 2.78, 
0.64, 2.81, 0.02, 0.02, 2.71, 3.01, 0.02, 2.80, 
0.25, 2.78, 0.02, 0.02, 2.67, 2.99, 0.02, 2.80, 
0.08, 2.78, 0.02, 0.02, 2.69, 2.99, 0.02, 2.80, 
0.03, 2.78, 0.02, 0.02, 2.70, 3.00, 0.02, 2.80, 
0.02, 2.79, 0.02, 0.02, 2.72, 3.00, 0.02, 2.81, 
0.02, 2.80, 0.02, 0.02, 2.75, 3.01, 0.02, 2.81, 
0.13, 2.82, 0.02, 0.02, 2.78, 3.02, 0.02, 2.82, 
0.04, 2.77, 0.02, 0.02, 2.82, 3.03, 0.02, 2.83, 
0.02, 2.77, 0.02, 0.02, 2.90, 3.04, 0.02, 2.82, 
0.21, 2.81, 0.02, 0.02, 2.93, 3.05, 0.02, 2.81, 
0.41, 2.84, 0.02, 0.02, 2.95, 3.06, 0.02, 2.80, 
0.64, 2.90, 0.02, 0.02, 2.99, 3.07, 0.02, 2.75, 
1.03, 2.96, 0.02, 0.02, 3.04, 3.07, 0.02, 2.41, 
1.64, 3.00, 0.02, 0.02, 3.07, 3.07, 0.02, 1.81, 
1.90, 3.04, 0.02, 0.02, 3.08, 3.08, 0.02, 1.48, 
2.10, 3.07, 0.02, 0.02, 3.10, 3.08, 0.02, 1.14, 
2.32, 3.10, 0.02, 0.33, 3.12, 3.08, 0.02, 0.85, 
2.37, 3.12, 0.02, 0.60, 3.13, 3.07, 0.02, 0.71, 
2.15, 3.12, 0.02, 0.69, 3.13, 3.06, 0.02, 0.65, 
1.51, 3.10, 0.02, 0.82, 3.14, 3.08, 0.02, 0.63, 
0.63, 3.08, 0.02, 0.79, 3.14, 3.11, 0.02, 0.62, 
0.24, 3.09, 0.02, 0.77, 3.15, 3.12, 0.02, 0.64, 
0.07, 3.10, 0.02, 0.84, 3.15, 3.11, 0.02, 0.63, 
0.35, 3.11, 0.02, 0.91, 3.15, 3.11, 0.02, 0.60, 
1.25, 3.12, 0.02, 0.93, 3.14, 3.10, 0.02, 0.58, 
2.53, 3.13, 0.02, 1.14, 3.13, 3.09, 0.02, 0.56, 
2.74, 3.14, 0.02, 1.31, 3.12, 3.07, 0.02, 0.53, 
2.81, 3.15, 0.02, 1.40, 3.12, 3.04, 0.02, 0.51, 
2.87, 3.16, 0.02, 1.49, 3.12, 2.98, 0.02, 0.36, 
2.94, 3.17, 0.02, 1.52, 3.11, 2.83, 0.02, 0.14, 
2.99, 3.18, 0.02, 1.36, 3.08, 2.58, 0.02, 0.04, 
3.02, 3.18, 0.02, 1.10, 3.05, 2.18, 0.02, 0.03, 
3.05, 3.18, 0.02, 0.74, 3.00, 1.67, 0.02, 0.02, 
3.07, 3.18, 0.02, 0.76, 2.95, 1.41, 0.02, 0.02, 
3.07, 3.18, 0.02, 0.94, 2.98, 1.45, 0.02, 0.02, 
3.08, 3.18, 0.02, 1.09, 3.00, 1.74, 0.02, 0.02, 
3.10, 3.18, 0.02, 1.01, 2.98, 1.65, 0.02, 0.02, 
3.11, 3.18, 0.02, 0.90, 2.90, 1.41, 0.02, 0.02, 
3.13, 3.18, 0.02, 0.51, 2.78, 1.22, 0.02, 0.02, 
3.14, 3.18, 0.02, 0.19, 2.46, 0.77, 0.02, 0.02, 
3.15, 3.18, 0.02, 0.05, 2.00, 0.36, 0.02, 0.02, 
3.15, 3.18, 0.02, 0.02, 1.37, 0.15, 0.02, 0.02, 
3.15, 3.18, 0.02, 0.02, 0.92, 0.05, 0.02, 0.02, 
3.15, 3.18, 0.02, 0.02, 0.46, 0.03, 0.02, 0.02, 
3.16, 3.17, 0.02, 0.02, 0.21, 0.02, 0.02, 0.02, 
3.16, 3.16, 0.02, 0.02, 0.08, 0.02, 0.02, 0.02, 
3.16, 3.15, 0.02, 0.02, 0.03, 0.02, 0.02, 0.02, 
3.16, 3.13, 0.02, 0.02, 0.02, 0.02, 0.02, 0.02, 
3.17, 3.11, 0.02, 0.02, 0.02, 0.02, 0.02, 0.02, 
3.17, 3.09, 0.02, 0.02, 0.02, 0.02, 0.02, 0.02, 
3.17, 3.04, 0.02, 0.02, 0.02, 0.02, 0.02, 0.02, 
3.16, 3.00, 0.02, 0.02, 0.02, 0.02, 0.02, 0.02, 
3.16, 2.95, 0.02, 0.02, 0.02, 0.02, 0.02, 0.02, 
3.16, 2.91, 0.02, 0.02, 0.02, 0.02, 0.02, 0.02, 
3.16, 2.87, 0.33, 0.02, 0.02, 0.02, 0.02, 0.02, 
3.16, 2.82, 0.67, 0.02, 0.02, 0.02, 0.02, 0.02, 
3.16, 2.79, 0.83, 0.02, 0.02, 0.02, 0.02, 0.02, 
3.16, 2.78, 0.89, 0.02, 0.02, 0.02, 0.02, 0.06, 
3.15, 2.77, 0.91, 0.02, 0.02, 0.02, 0.02, 0.20, 
3.15, 2.75, 1.00, 0.02, 0.02, 0.02, 0.02, 0.30, 
3.15, 2.72, 1.07, 0.02, 0.02, 0.02, 0.02, 0.40, 
3.15, 2.65, 1.10, 0.02, 0.02, 0.02, 0.02, 0.45, 
3.14, 2.57, 1.12, 0.02, 0.02, 0.02, 0.02, 0.45, 
3.14, 2.46, 1.21, 0.02, 0.02, 0.02, 0.02, 0.45, 
3.13, 2.33, 1.30, 0.02, 0.02, 0.02, 0.02, 0.46, 
3.12, 2.22, 1.34, 0.02, 0.02, 0.02, 0.02, 0.45, 
3.11, 2.04, 1.38, 0.02, 0.02, 0.02, 0.02, 0.42, 
3.09, 1.94, 1.35, 0.02, 0.02, 0.02, 0.02, 0.41, 
3.08, 1.88, 1.30, 0.02, 0.02, 0.02, 0.02, 0.40, 
3.07, 1.85, 1.19, 0.02, 0.02, 0.02, 0.02, 0.41, 
3.03, 1.80, 1.10, 0.02, 0.02, 0.02, 0.02, 0.43, 
2.99, 1.71, 1.00, 0.02, 0.02, 0.02, 0.02, 0.44, 
2.98, 1.58, 0.98, 0.02, 0.02, 0.02, 0.02, 0.44, 
2.96, 1.51, 0.95, 0.02, 0.02, 0.02, 0.02, 0.45, 
2.96, 1.48, 1.05, 0.02, 0.02, 0.02, 0.02, 0.44, 
2.95, 1.42, 1.10, 0.02, 0.02, 0.02, 0.02, 0.43, 
2.94, 1.36, 1.10, 0.02, 0.02, 0.02, 0.02, 0.43, 
2.94, 1.33, 1.09, 0.02, 0.02, 0.02, 0.02, 0.43, 
2.94, 1.34, 1.07, 0.02, 0.02, 0.02, 0.02, 0.43, 
2.94, 1.36, 1.06, 0.02, 0.02, 0.02, 0.02, 0.42, 
2.95, 1.42, 1.07, 0.02, 0.02, 0.02, 0.02, 0.42, 
2.97, 1.49, 1.08, 0.02, 0.02, 0.02, 0.02, 0.42, 
2.98, 1.55, 1.10, 0.02, 0.02, 0.02, 0.02, 0.41, 
3.01, 1.71, 1.13, 0.02, 0.02, 0.02, 0.02, 0.41, 
3.04, 1.84, 1.17, 0.02, 0.02, 0.02, 0.02, 0.42, 
3.08, 2.10, 1.21, 0.02, 0.02, 0.02, 0.02, 0.42, 
3.11, 2.27, 1.24, 0.02, 0.02, 0.02, 0.02, 0.43, 
3.13, 2.46, 1.38, 0.02, 0.02, 0.02, 0.02, 0.44, 
3.14, 2.61, 1.55, 0.02, 0.02, 0.02, 0.02, 0.45, 
3.15, 2.71, 1.63, 0.02, 0.02, 0.02, 0.02, 0.45, 
3.16, 2.77, 1.66, 0.02, 0.02, 0.02, 0.02, 0.45, 
3.16, 2.81, 1.68, 0.02, 0.02, 0.02, 0.02, 0.47, 
3.16, 2.85, 1.72, 0.02, 0.02, 0.02, 0.02, 0.49, 
3.16, 2.86, 1.75, 0.02, 0.02, 0.02, 0.02, 0.48, 
3.16, 2.87, 1.81, 0.02, 0.02, 0.02, 0.02, 0.49, 
3.16, 2.88, 1.92, 0.02, 0.02, 0.02, 0.02, 0.48, 
3.16, 2.91, 2.08, 0.02, 0.02, 0.02, 0.02, 0.44, 
3.16, 2.95, 2.33, 0.02, 0.02, 0.02, 0.02, 0.41, 
3.16, 2.97, 2.61, 0.02, 0.02, 0.02, 0.02, 0.36, 
3.16, 2.95, 2.76, 0.02, 0.02, 0.02, 0.02, 0.35, 
3.15, 2.93, 2.84, 0.02, 0.02, 0.02, 0.02, 0.37, 
3.15, 2.92, 2.93, 0.02, 0.02, 0.02, 0.02, 0.36, 
3.14, 2.90, 2.94, 0.02, 0.02, 0.02, 0.02, 0.15, 
3.11, 2.82, 2.87, 0.02, 0.02, 0.02, 0.02, 0.05, 
3.07, 2.75, 2.74, 0.02, 0.02, 0.02, 0.02, 0.02, 
3.04, 2.79, 2.54, 0.02, 0.02, 0.31, 0.02, 0.02, 
3.00, 2.86, 2.28, 0.02, 0.07, 0.98, 0.02, 0.02, 
2.94, 2.88, 1.87, 0.02, 0.26, 1.55, 0.02, 0.02, 
2.82, 2.90, 1.45, 0.02, 0.74, 1.96, 0.02, 0.02, 
2.58, 2.84, 0.84, 0.02, 1.46, 2.52, 0.02, 0.34, 
2.31, 2.82, 0.38, 0.02, 2.10, 2.85, 0.02, 0.83, 
1.98, 2.84, 0.14, 0.02, 2.58, 2.93, 0.02, 0.94, 
1.33, 2.86, 0.04, 0.02, 2.83, 2.98, 0.02, 0.90, 
0.60, 2.87, 0.02, 0.02, 2.94, 3.01, 0.02, 0.92, 
0.24, 2.87, 0.02, 0.02, 2.99, 3.04, 0.02, 1.13, 
0.08, 2.86, 0.02, 0.02, 3.06, 3.06, 0.02, 1.22, 
0.03, 2.87, 0.02, 0.02, 3.09, 3.07, 0.02, 1.22, 
0.02, 2.86, 0.02, 0.02, 3.10, 3.07, 0.02, 1.24, 
0.02, 2.87, 0.02, 0.02, 3.11, 3.08, 0.02, 1.27, 
0.02, 2.86, 0.02, 0.02, 3.11, 3.09, 0.02, 1.29, 
0.02, 2.86, 0.02, 0.02, 3.11, 3.09, 0.02, 1.33, 
0.02, 2.81, 0.02, 0.02, 3.11, 3.09, 0.02, 1.49, 
0.02, 2.76, 0.02, 0.02, 3.11, 3.10, 0.02, 2.13, 
0.02, 2.74, 0.02, 0.02, 3.11, 3.11, 0.02, 2.57, 
0.02, 2.73, 0.02, 0.02, 3.11, 3.12, 0.02, 2.70, 
0.02, 2.73, 0.02, 0.02, 3.12, 3.12, 0.02, 2.75, 
0.02, 2.73, 0.02, 0.02, 3.13, 3.12, 0.02, 2.66, 
0.02, 2.77, 0.02, 0.02, 3.13, 3.12, 0.02, 2.42, 
0.02, 2.79, 0.02, 0.02, 3.14, 3.12, 0.02, 2.09, 
0.02, 2.80, 0.02, 0.02, 3.14, 3.12, 0.02, 1.85, 
0.02, 2.82, 0.02, 0.02, 3.14, 3.12, 0.02, 1.60, 
0.02, 2.81, 0.02, 0.02, 3.14, 3.11, 0.02, 1.63, 
0.02, 2.81, 0.02, 0.02, 3.14, 3.12, 0.02, 1.74, 
0.02, 2.80, 0.02, 0.02, 3.14, 3.11, 0.02, 1.74, 
0.02, 2.78, 0.02, 0.02, 3.14, 3.11, 0.02, 1.55, 
0.02, 2.84, 0.02, 0.02, 3.14, 3.10, 0.02, 1.37, 
0.02, 2.87, 0.02, 0.02, 3.14, 3.09, 0.02, 1.27, 
0.02, 2.89, 0.02, 0.02, 3.14, 3.10, 0.02, 1.17, 
0.02, 2.90, 0.02, 0.02, 3.14, 3.09, 0.02, 0.99, 
0.02, 2.91, 0.02, 0.02, 3.15, 3.09, 0.02, 0.82, 
0.02, 2.91, 0.02, 0.02, 3.15, 3.09, 0.02, 0.72, 
0.02, 2.91, 0.02, 0.02, 3.15, 3.08, 0.02, 0.68, 
0.02, 2.90, 0.02, 0.02, 3.15, 3.09, 0.02, 0.71, 
0.02, 2.89, 0.02, 0.02, 3.14, 3.09, 0.02, 0.91, 
0.02, 2.86, 0.02, 0.02, 3.14, 3.09, 0.02, 1.13, 
0.02, 2.82, 0.02, 0.02, 3.14, 3.10, 0.02, 1.28, 
0.02, 2.81, 0.02, 0.02, 3.13, 3.10, 0.02, 1.45, 
0.02, 2.84, 0.02, 0.02, 3.13, 3.10, 0.02, 1.46, 
0.02, 2.88, 0.02, 0.02, 3.14, 3.10, 0.02, 1.35, 
0.02, 2.91, 0.02, 0.02, 3.14, 3.10, 0.02, 1.25, 
0.02, 2.92, 0.02, 0.02, 3.14, 3.10, 0.02, 1.11, 
0.02, 2.94, 0.02, 0.02, 3.15, 3.10, 0.02, 0.92, 
0.02, 2.95, 0.02, 0.02, 3.15, 3.09, 0.02, 0.78, 
0.02, 2.96, 0.02, 0.02, 3.15, 3.09, 0.02, 0.69, 
0.02, 2.97, 0.02, 0.02, 3.15, 3.09, 0.02, 0.66, 
0.02, 2.97, 0.02, 0.02, 3.15, 3.09, 0.02, 0.64, 
0.02, 2.97, 0.02, 0.02, 3.15, 3.09, 0.02, 0.65, 
0.02, 2.97, 0.02, 0.02, 3.15, 3.09, 0.02, 0.65, 
0.02, 2.96, 0.02, 0.02, 3.15, 3.09, 0.02, 0.64, 
0.02, 2.96, 0.02, 0.02, 3.15, 3.09, 0.02, 0.64, 
0.02, 2.96, 0.02, 0.02, 3.15, 3.10, 0.02, 0.66, 
0.02, 2.95, 0.02, 0.02, 3.15, 3.10, 0.02, 0.67, 
0.02, 2.95, 0.02, 0.02, 3.15, 3.10, 0.02, 0.67, 
0.02, 2.95, 0.02, 0.02, 3.15, 3.10, 0.02, 0.72, 
0.02, 2.94, 0.02, 0.02, 3.15, 3.10, 0.02, 0.91, 
0.02, 2.92, 0.02, 0.02, 3.15, 3.11, 0.02, 1.07, 
0.02, 2.91, 0.02, 0.02, 3.15, 3.11, 0.02, 1.17, 
0.02, 2.90, 0.02, 0.02, 3.15, 3.11, 0.02, 1.26, 
0.02, 2.89, 0.02, 0.02, 3.14, 3.11, 0.02, 1.31, 
0.02, 2.89, 0.02, 0.02, 3.14, 3.11, 0.02, 1.35, 
0.02, 2.89, 0.02, 0.02, 3.14, 3.11, 0.02, 1.41, 
0.02, 2.88, 0.02, 0.02, 3.14, 3.11, 0.02, 1.58, 
0.02, 2.87, 0.02, 0.02, 3.14, 3.12, 0.02, 1.73, 
0.02, 2.86, 0.02, 0.02, 3.14, 3.12, 0.02, 1.84, 
0.02, 2.84, 0.02, 0.02, 3.14, 3.12, 0.02, 1.94, 
0.02, 2.83, 0.02, 0.02, 3.13, 3.12, 0.02, 2.11, 
0.02, 2.83, 0.02, 0.02, 3.13, 3.12, 0.02, 2.23, 
0.02, 2.83, 0.02, 0.02, 3.13, 3.12, 0.02, 2.35, 
0.02, 2.84, 0.02, 0.02, 3.12, 3.12, 0.02, 2.44, 
0.02, 2.87, 0.02, 0.02, 3.12, 3.12, 0.02, 2.44, 
0.02, 2.87, 0.02, 0.02, 3.12, 3.12, 0.02, 2.46, 
0.02, 2.88, 0.02, 0.02, 3.13, 3.12, 0.02, 2.51, 
0.02, 2.89, 0.02, 0.02, 3.13, 3.12, 0.02, 2.51, 
0.02, 2.91, 0.02, 0.02, 3.13, 3.12, 0.02, 2.42, 
0.02, 2.95, 0.02, 0.02, 3.13, 3.12, 0.02, 2.19, 
0.05, 3.00, 0.02, 0.18, 3.13, 3.11, 0.02, 1.67, 
0.48, 3.02, 0.02, 0.40, 3.13, 3.10, 0.02, 1.42, 
0.87, 3.03, 0.02, 0.49, 3.12, 3.10, 0.02, 1.33, 
1.14, 3.04, 0.02, 0.46, 3.11, 3.10, 0.02, 1.35, 
1.29, 3.02, 0.02, 0.21, 3.08, 3.09, 0.02, 1.44, 
1.31, 2.98, 0.02, 0.04, 3.03, 3.08, 0.02, 1.90, 
1.04, 2.91, 0.02, 0.02, 2.92, 3.05, 0.02, 2.43, 
0.70, 2.79, 0.02, 0.02, 2.76, 3.01, 0.09, 2.52, 
0.47, 2.58, 0.02, 0.02, 2.49, 2.96, 0.08, 2.47, 
0.16, 2.37, 0.02, 0.02, 2.06, 2.90, 0.03, 2.03, 
0.04, 2.04, 0.02, 0.02, 1.24, 2.66, 0.02, 1.24, 
0.02, 1.57, 0.02, 0.02, 0.61, 2.02, 0.02, 0.89, 
0.02, 0.76, 0.02, 0.02, 0.28, 1.14, 0.02, 0.73, 
0.02, 0.34, 0.02, 0.02, 0.11, 0.54, 0.02, 0.67, 
0.02, 0.14, 0.02, 0.02, 0.04, 0.23, 0.02, 0.65, 
0.02, 0.05, 0.02, 0.02, 0.03, 0.09, 0.02, 0.64, 
0.02, 0.02, 0.02, 0.02, 0.02, 0.03, 0.02, 0.64, 
0.02, 0.02, 0.02, 0.02, 0.02, 0.02, 0.02, 0.64, 
0.02, 0.02, 0.02, 0.02, 0.02, 0.02, 0.02, 0.60, 
0.02, 0.19, 0.02, 0.02, 0.02, 0.39, 0.02, 0.74, 
0.02, 0.57, 0.02, 0.02, 0.02, 0.83, 0.02, 1.05, 
0.02, 1.07, 0.02, 0.02, 0.02, 1.37, 0.02, 2.11, 
0.02, 1.59, 0.02, 0.02, 0.02, 1.95, 0.02, 2.78, 
0.23, 2.06, 0.02, 0.02, 0.02, 2.43, 0.02, 2.93, 
0.66, 2.46, 0.02, 0.02, 0.02, 2.70, 0.02, 2.97, 
1.00, 2.56, 0.02, 0.02, 0.04, 2.81, 0.02, 2.98, 
1.43, 2.63, 0.02, 0.02, 0.16, 2.86, 0.02, 2.98, 
1.85, 2.76, 0.02, 0.02, 0.73, 2.91, 0.02, 2.99, 
2.09, 2.80, 0.02, 0.02, 1.27, 2.95, 0.02, 3.00, 
2.18, 2.80, 0.02, 0.02, 1.52, 2.97, 0.02, 3.01, 
2.23, 2.78, 0.02, 0.02, 1.50, 2.97, 0.04, 3.00, 
2.21, 2.76, 0.02, 0.02, 1.44, 2.95, 0.12, 2.97, 
2.20, 2.73, 0.02, 0.02, 1.27, 2.92, 0.03, 2.91, 
2.19, 2.70, 0.02, 0.02, 0.84, 2.82, 0.02, 2.82, 
2.21, 2.71, 0.02, 0.02, 0.55, 2.80, 0.02, 2.77, 
2.35, 2.78, 0.02, 0.02, 0.43, 2.77, 0.02, 2.63, 
2.48, 2.82, 0.02, 0.02, 0.49, 2.76, 0.02, 2.49, 
2.59, 2.86, 0.02, 0.02, 0.71, 2.75, 0.02, 2.39, 
2.64, 2.88, 0.02, 0.02, 0.97, 2.74, 0.13, 2.20, 
2.66, 2.91, 0.02, 0.02, 1.13, 2.74, 0.10, 2.05, 
2.67, 2.92, 0.02, 0.02, 1.28, 2.74, 0.03, 1.96, 
2.67, 2.92, 0.02, 0.02, 1.36, 2.75, 0.02, 2.03, 
2.66, 2.91, 0.02, 0.02, 1.38, 2.75, 0.02, 2.12, 
2.65, 2.90, 0.02, 0.02, 1.35, 2.75, 0.06, 2.20, 
2.61, 2.88, 0.02, 0.02, 1.20, 2.74, 0.34, 2.38, 
2.57, 2.85, 0.02, 0.02, 1.05, 2.74, 0.45, 2.53, 
2.56, 2.85, 0.02, 0.02, 0.92, 2.74, 0.42, 2.56, 
2.57, 2.85, 0.02, 0.02, 0.88, 2.74, 0.35, 2.55, 
2.60, 2.86, 0.02, 0.02, 0.92, 2.74, 0.35, 2.52, 
2.61, 2.86, 0.02, 0.02, 0.94, 2.74, 0.46, 2.44, 
2.61, 2.86, 0.02, 0.02, 0.95, 2.72, 0.50, 2.44, 
2.60, 2.86, 0.02, 0.02, 0.89, 2.71, 0.52, 2.46, 
2.58, 2.85, 0.02, 0.02, 0.88, 2.71, 0.53, 2.52, 
2.56, 2.84, 0.02, 0.02, 0.82, 2.71, 0.53, 2.55, 
2.54, 2.84, 0.02, 0.02, 0.77, 2.72, 0.43, 2.55, 
2.53, 2.84, 0.02, 0.02, 0.75, 2.72, 0.33, 2.55, 
2.54, 2.84, 0.02, 0.02, 0.69, 2.72, 0.29, 2.55, 
2.55, 2.84, 0.02, 0.02, 0.71, 2.72, 0.31, 2.54, 
2.58, 2.84, 0.02, 0.02, 0.81, 2.73, 0.34, 2.54, 
2.58, 2.84, 0.02, 0.02, 0.87, 2.74, 0.38, 2.55, 
